2022-09-25
119.777 -0.030632 25.1488
-93.2234 -0.030632 25.1488
4.77664 32.9694 25.1488
4.77664 -42.0306 25.1488
4.77664 -0.030632 240.149
4.77664 -0.030632 22.1488
119.832 -0.306658 36.2636
-125.168 -0.306658 36.2636
5.83223 32.6933 36.2636
5.83223 -112.307 36.2636
5.83223 -0.306658 218.264
5.83223 -0.306658 33.2636
356.114 -0.297355 52.8287
-253.886 -0.297355 52.8287
7.11364 32.7026 52.8287
7.11364 -45.2974 52.8287
7.11364 -0.297355 232.829
7.11364 -0.297355 49.8287
548.051 -0.519387 69.1311
-93.9487 -0.519387 69.1311
8.0513 33.4806 69.1311
8.0513 -57.5194 69.1311
8.0513 -0.519387 332.131
8.0513 -0.519387 66.1311
124.997 -0.665607 87.3659
-118.003 -0.665607 87.3659
8.99667 129.334 87.3659
8.99667 -110.666 87.3659
8.99667 -0.665607 267.366
8.99667 -0.665607 84.3659
38.1769 -0.631544 111.317
-98.8231 -0.631544 111.317
10.1769 107.368 111.317
10.1769 -60.6315 111.317
10.1769 -0.631544 292.317
10.1769 -0.631544 108.317
421.391 -0.217559 137.512
-63.609 -0.217559 137.512
11.391 35.7824 137.512
11.391 -27.2176 137.512
11.391 -0.217559 284.512
11.391 -0.217559 134.512
100.236 0.810613 166.774
-89.7636 0.810613 166.774
13.2364 109.811 166.774
13.2364 -2052.19 166.774
13.2364 0.810613 305.774
13.2364 0.810613 163.774
98.2456 2.20222 207.789
-67.7544 2.20222 207.789
16.2456 39.2022 207.789
16.2456 -2052.8 207.789
16.2456 2.20222 343.789
16.2456 2.20222 204.789
87.9008 3.16268 235.909
-72.0992 3.16268 235.909
18.9008 28.1627 235.909
18.9008 -163.837 235.909
18.9008 3.16268 426.909
18.9008 3.16268 232.909
74.1078 4.69839 270.083
-40.8922 4.69839 270.083
23.1078 27.6984 270.083
23.1078 -58.3016 270.083
23.1078 4.69839 413.083
23.1078 4.69839 267.083
52.3969 6.24327 307.033
-52.6031 6.24327 307.033
27.3969 45.2433 307.033
27.3969 -55.7567 307.033
27.3969 6.24327 542.033
27.3969 6.24327 304.033
57.9338 7.78376 345.786
-46.0662 7.78376 345.786
31.9338 33.7838 345.786
31.9338 -43.2162 345.786
31.9338 7.78376 487.786
31.9338 7.78376 342.786
62.8899 9.44048 388.037
-43.1101 9.44048 388.037
36.8899 35.4405 388.037
36.8899 -32.5595 388.037
36.8899 9.44048 525.037
36.8899 9.44048 385.037
490.039 10.8597 425.498
-38.9607 10.8597 425.498
41.0393 36.8597 425.498
41.0393 -25.1403 425.498
41.0393 10.8597 569.498
41.0393 10.8597 422.498
