2022-09-25
450.604 1.76411 72.7881
-199.396 1.76411 72.7881
-12.396 183.764 72.7881
-12.396 -163.236 72.7881
-12.396 1.76411 318.788
-12.396 1.76411 69.7881
2006.83 0.120296 156.148
-74.1728 0.120296 156.148
-20.1729 0.120296 156.148
-20.1729 -164.88 156.148
-20.1729 0.120296 401.148
-20.1729 0.120296 153.148
420.256 1.2303 189.509
-233.744 1.2303 189.509
-22.7438 236.23 189.509
-22.7438 -170.77 189.509
-22.7438 1.2303 580.509
-22.7438 1.2303 186.509
438.738 2.96116 225.205
-226.262 2.96116 225.205
-25.2625 246.961 225.205
-25.2625 -243.039 225.205
-25.2625 2.96116 471.205
-25.2625 2.96116 222.205
522.349 18.0994 345.095
-282.651 18.0994 345.095
-32.6513 199.099 345.095
-32.6513 18.0994 345.095
-32.6513 18.0994 590.095
-32.6513 18.0994 342.095
426.702 24.521 392.596
-153.298 24.521 392.596
-35.2984 205.521 392.596
-35.2984 -222.479 392.596
-35.2984 24.521 635.596
-35.2984 24.521 389.596
437.3 28.717 435.784
-224.7 28.717 435.784
-37.7003 274.717 435.784
-37.7003 -142.283 435.784
-37.7003 28.717 680.784
-37.7003 28.717 432.784
422.611 33.7007 487.353
-286.389 33.7007 487.353
-40.3892 214.701 487.353
-40.3892 -211.299 487.353
-40.3892 33.7007 731.353
-40.3892 33.7007 484.353
418.908 40.8431 545.955
-230.092 40.8431 545.955
-43.0919 241.843 545.955
-43.0919 -203.157 545.955
-43.0919 40.8431 789.955
-43.0919 40.8431 542.955
416.738 47.8317 612.232
-232.262 47.8317 612.232
-46.2623 292.832 612.232
-46.2623 -117.168 612.232
-46.2623 47.8317 1022.23
-46.2623 47.8317 609.232
413.183 53.3532 680.847
-235.817 53.3532 680.847
-49.8174 256.353 680.847
-49.8174 -190.647 680.847
-49.8174 53.3532 923.847
-49.8174 53.3532 677.847
1976.55 61.1906 755.598
-238.449 61.1906 755.598
-52.4485 457.191 755.598
-52.4485 -174.809 755.598
-52.4485 61.1906 999.598
-52.4485 61.1906 752.598
407.73 68.6024 823.465
-241.27 68.6024 823.465
-54.2697 313.602 823.465
-54.2697 -95.3976 823.465
-54.2697 68.6024 1067.47
-54.2697 68.6024 820.465
405.939 76.4479 908.747
-243.061 76.4479 908.747
-57.0608 322.448 908.747
-57.0608 -88.5521 908.747
-57.0608 76.4479 1151.75
-57.0608 76.4479 905.747
382.267 81.7634 978.337
-245.733 81.7634 978.337
-59.7333 327.763 978.337
-59.7333 -164.237 978.337
-59.7333 81.7634 1222.34
-59.7333 81.7634 975.337
1456.13 91.3199 1070.93
-248.872 91.3199 1070.93
-61.8724 292.32 1070.93
-61.8724 -153.68 1070.93
-61.8724 91.3199 1314.93
-61.8724 91.3199 1067.93
399.945 99.6093 1163.18
-251.055 99.6093 1163.18
-64.0547 318.609 1163.18
-64.0547 -65.3907 1163.18
-64.0547 99.6093 1554.18
-64.0547 99.6093 1160.18
413.205 105.699 1254.53
-252.795 105.699 1254.53
-66.7952 350.699 1254.53
-66.7952 -139.301 1254.53
-66.7952 105.699 1498.53
-66.7952 105.699 1251.53
389.848 108.623 1338.05
-316.152 108.623 1338.05
-71.1516 281.623 1338.05
-71.1516 -137.377 1338.05
-71.1516 108.623 1582.05
-71.1516 108.623 1335.05
619.838 118.067 1439.6
-254.162 118.067 1439.6
-68.162 364.067 1439.6
-68.162 -126.933 1439.6
-68.162 118.067 1682.6
-68.162 118.067 1436.6
2014.17 128.971 1552.25
-249.828 128.971 1552.25
-63.8283 364.971 1552.25
-63.8283 -117.029 1552.25
-63.8283 128.971 1797.25
-63.8283 128.971 1549.25
1206.54 138.946 1671.03
-246.461 138.946 1671.03
-60.4611 384.946 1671.03
-60.4611 -106.054 1671.03
-60.4611 138.946 1915.03
-60.4611 138.946 1668.03
401.283 143.808 1768.67
-248.717 143.808 1768.67
-62.7168 324.808 1768.67
-62.7168 -102.192 1768.67
-62.7168 143.808 2011.67
-62.7168 143.808 1765.67
1959.23 149.661 1897
-251.769 149.661 1897
-65.7691 556.661 1897
-65.7691 -96.3393 1897
-65.7691 149.661 2141
-65.7691 149.661 1893
2880.22 163.171 2030.87
-300.782 163.171 2030.87
-53.782 409.171 2030.87
-53.782 -80.8286 2030.87
-53.782 163.171 2274.87
-53.782 163.171 2027.87
419.296 175.064 2137.34
-227.704 175.064 2137.34
-41.7036 419.064 2137.34
-41.7036 -25.9365 2137.34
-41.7036 175.064 2380.34
-41.7036 175.064 2134.34
2021.2 197.77 2273.46
-198.804 197.77 2273.46
-11.8043 443.77 2273.46
-11.8043 -37.2303 2273.46
-11.8043 197.77 2518.46
-11.8043 197.77 2270.46
2097.48 220.075 2412.25
-168.515 220.075 2412.25
17.4848 455.075 2412.25
17.4848 -24.9249 2412.25
17.4848 220.075 2656.25
17.4848 220.075 2409.25
509.131 241.74 2535.52
-188.869 241.74 2535.52
47.1309 423.74 2535.52
47.1309 -4.25967 2535.52
47.1309 241.74 2779.52
47.1309 241.74 2532.52
641.922 268.429 2680.54
-66.0777 268.429 2680.54
84.9223 507.429 2680.54
84.9223 27.4292 2680.54
84.9223 268.429 2924.54
84.9223 268.429 2677.54
2180.77 303.072 2840.07
-48.2258 303.072 2840.07
137.774 548.072 2840.07
137.774 58.0724 2840.07
137.774 303.072 3084.07
137.774 303.072 2837.07
683.238 372.814 3226.43
54.2383 372.814 3226.43
240.238 372.814 3226.43
240.238 127.814 3226.43
240.238 372.814 3470.43
240.238 372.814 3223.43
734.828 396.29 3388.55
86.8282 396.29 3388.55
272.828 641.29 3388.55
272.828 218.29 3388.55
272.828 396.29 3900.55
272.828 396.29 3385.55
1614.26 414.759 3544.62
51.2599 414.759 3544.62
297.26 595.759 3544.62
297.26 168.759 3544.62
297.26 414.759 3788.62
297.26 414.759 3541.62
870.829 431.234 3698.52
168.829 431.234 3698.52
318.829 675.234 3698.52
318.829 185.234 3698.52
318.829 431.234 3943.52
318.829 431.234 3695.52
1493.39 441.441 3878
179.395 441.441 3878
330.395 687.441 3878
330.395 263.441 3878
330.395 441.441 4124
330.395 441.441 3875
1039.82 447.426 4000.68
150.819 447.426 4000.68
336.819 692.426 4000.68
336.819 203.426 4000.68
336.819 447.426 4245.68
336.819 447.426 3997.68
903.717 463.38 4198.01
206.717 463.38 4198.01
356.717 708.38 4198.01
356.717 218.38 4198.01
356.717 463.38 4442.01
356.717 463.38 4195.01
826.084 470.532 4366.82
265.084 470.532 4366.82
364.084 651.532 4366.82
364.084 234.532 4366.82
364.084 470.532 4611.82
364.084 470.532 4363.82
824.817 471.157 4531.98
-11.1834 471.157 4531.98
361.817 652.157 4531.98
361.817 225.157 4531.98
361.817 471.157 4775.98
361.817 471.157 4528.98
812.358 466.55 5018.71
102.358 466.55 5018.71
347.358 647.55 5018.71
347.358 466.55 5018.71
347.358 466.55 5263.71
347.358 466.55 5015.71
800.779 461.791 5197.66
150.779 461.791 5197.66
337.779 706.791 5197.66
337.779 401.791 5197.66
337.779 461.791 5441.66
337.779 461.791 5194.66
