2022-09-25
547.143 0.05131 64.3763
-149.857 0.05131 64.3763
0.142971 245.051 64.3763
0.142971 -245.949 64.3763
0.142971 0.05131 323.376
0.142971 0.05131 61.3763
519.535 0.118775 86.3566
-61.4649 0.118775 86.3566
0.535089 180.119 86.3566
0.535089 -245.881 86.3566
0.535089 0.118775 346.357
0.535089 0.118775 83.3566
519.253 0.874291 171.35
-97.7469 0.874291 171.35
1.25313 180.874 171.35
1.25313 0.874291 171.35
1.25313 0.874291 430.35
1.25313 0.874291 168.35
526.46 1.39295 204.167
-62.5404 1.39295 204.167
1.45965 249.393 204.167
1.45965 -177.607 204.167
1.45965 1.39295 462.167
1.45965 1.39295 201.167
517.667 2.05127 239.428
-149.333 2.05127 239.428
1.6668 187.051 239.428
1.6668 -180.949 239.428
1.6668 2.05127 498.428
1.6668 2.05127 236.428
663.028 2.15882 284.109
-68.9717 2.15882 284.109
2.02831 249.159 284.109
2.02831 -174.841 284.109
2.02831 2.15882 538.109
2.02831 2.15882 281.109
518.402 2.50252 331.976
-148.598 2.50252 331.976
3.40186 202.503 331.976
3.40186 -175.497 331.976
3.40186 2.50252 561.976
3.40186 2.50252 316.976
528.605 2.9719 381.844
-128.395 2.9719 381.844
5.60466 247.972 381.844
5.60466 -174.028 381.844
5.60466 2.9719 743.844
5.60466 2.9719 332.844
2030.09 3.39415 450.209
-140.907 3.39415 450.209
9.09306 204.394 450.209
9.09306 -173.606 450.209
9.09306 3.39415 617.209
9.09306 3.39415 369.209
425.243 3.73685 501.146
-86.7573 3.73685 501.146
12.2427 184.737 501.146
12.2427 -173.263 501.146
12.2427 3.73685 651.146
12.2427 3.73685 368.146
449.632 3.82385 560.511
-100.368 3.82385 560.511
15.6316 185.824 560.511
15.6316 -241.176 560.511
15.6316 3.82385 675.511
15.6316 3.82385 165.511
465.449 4.02825 616.333
-45.5511 4.02825 616.333
19.4489 187.028 616.333
19.4489 -241.972 616.333
19.4489 4.02825 706.333
19.4489 4.02825 370.333
487.663 4.58396 685.496
-109.337 4.58396 685.496
24.6625 386.584 685.496
24.6625 -173.416 685.496
24.6625 4.58396 837.496
24.6625 4.58396 509.496
461.461 5.44471 758.077
-68.5387 5.44471 758.077
30.4613 185.445 758.077
30.4613 -173.555 758.077
30.4613 5.44471 909.077
30.4613 5.44471 573.077
453.54 5.53127 828.849
-15.4596 5.53127 828.849
38.5404 186.531 828.849
38.5404 -239.469 828.849
38.5404 5.53127 896.849
38.5404 5.53127 413.849
537.775 4.2545 911.706
-5.22545 4.2545 911.706
51.7745 182.255 911.706
51.7745 -241.745 911.706
51.7745 4.2545 983.706
51.7745 4.2545 666.706
550.422 2.57894 983.037
1.42249 2.57894 983.037
64.4225 180.579 983.037
64.4225 -339.421 983.037
64.4225 2.57894 1055.04
64.4225 2.57894 795.037
600.119 -0.971357 1080.87
-2442.88 -0.971357 1080.87
84.1185 195.029 1080.87
84.1185 -155.971 1080.87
84.1185 -0.971357 1232.87
84.1185 -0.971357 894.873
573.877 -3.31563 1189.67
-2068.12 -3.31563 1189.67
103.877 392.684 1189.67
103.877 -154.316 1189.67
103.877 -3.31563 1324.67
103.877 -3.31563 1003.67
605.742 -4.34085 1276.68
-16.2577 -4.34085 1276.68
118.742 241.659 1276.68
118.742 -154.341 1276.68
118.742 -4.34085 1427.68
118.742 -4.34085 1091.68
649.761 -6.88623 1537.17
112.761 -6.88623 1537.17
164.761 235.114 1537.17
164.761 -6.88623 1537.17
164.761 -6.88623 1609.17
164.761 -6.88623 1352.17
324.223 -8.21102 1641.2
131.223 -8.21102 1641.2
184.223 272.789 1641.2
184.223 -83.211 1641.2
184.223 -8.21102 1719.2
184.223 -8.21102 1396.2
347.086 -9.44319 1746.83
106.086 -9.44319 1746.83
205.086 282.557 1746.83
205.086 -160.443 1746.83
205.086 -9.44319 1821.83
205.086 -9.44319 1499.83
655.471 -10.8319 1867.23
79.4709 -10.8319 1867.23
229.471 344.168 1867.23
229.471 -69.8319 1867.23
229.471 -10.8319 1943.23
229.471 -10.8319 1682.23
299.309 -14.0604 2200.74
245.309 -14.0604 2200.74
299.309 377.94 2200.74
299.309 -72.0604 2200.74
299.309 -14.0604 2294.74
299.309 -14.0604 2032.74
889.897 -14.8989 2347.12
270.897 -14.8989 2347.12
329.897 2048.1 2347.12
329.897 -74.8989 2347.12
329.897 -14.8989 2456.12
329.897 -14.8989 2188.12
911.787 -15.637 2466.19
296.787 -15.637 2466.19
354.787 282.363 2466.19
354.787 -77.637 2466.19
354.787 -15.637 2599.19
354.787 -15.637 2330.19
758.224 -15.8422 2586.11
322.224 -15.8422 2586.11
378.224 282.158 2586.11
378.224 -76.8422 2586.11
378.224 -15.8422 2831.11
378.224 -15.8422 2419.11
958.466 -15.9055 2700.56
336.466 -15.9055 2700.56
399.466 338.094 2700.56
399.466 -76.9055 2700.56
399.466 -15.9055 2950.56
399.466 -15.9055 2532.56
538.012 -16.201 2809.4
359.012 -16.201 2809.4
419.012 282.799 2809.4
419.012 -133.201 2809.4
419.012 -16.201 2998.4
419.012 -16.201 2709.4
888.704 -16.368 2947.19
374.704 -16.368 2947.19
443.704 281.632 2947.19
443.704 -78.368 2947.19
443.704 -16.368 3193.19
443.704 -16.368 2879.19
583.977 -16.6186 3077.26
390.977 -16.6186 3077.26
465.977 280.381 3077.26
465.977 -167.619 3077.26
465.977 -16.6186 3271.26
465.977 -16.6186 2978.26
907 -17.0926 3194.94
369 -17.0926 3194.94
485 275.907 3194.94
485 -168.093 3194.94
485 -17.0926 3384.94
485 -17.0926 3128.94
973.27 -18.4498 3595.34
484.27 -18.4498 3595.34
546.27 267.55 3595.34
546.27 -169.45 3595.34
546.27 -18.4498 3595.34
546.27 -18.4498 3444.34
1100.56 -19.0229 3758.75
500.561 -19.0229 3758.75
570.561 219.977 3758.75
570.561 -169.023 3758.75
570.561 -19.0229 4003.75
570.561 -19.0229 3676.75
1135.97 -19.7858 3933.84
520.968 -19.7858 3933.84
594.968 202.214 3933.84
594.968 -170.786 3933.84
594.968 -19.7858 4178.84
594.968 -19.7858 3783.84
1135.59 -20.7054 4105.59
466.591 -20.7054 4105.59
617.591 218.295 4105.59
617.591 -184.705 4105.59
617.591 -20.7054 4290.59
617.591 -20.7054 4031.59
1199 -20.1412 4563.34
529.003 -20.1412 4563.34
680.003 225.859 4563.34
680.003 -232.141 4563.34
680.003 -20.1412 4813.34
680.003 -20.1412 4563.34
1257.7 -19.0941 4723.67
644.699 -19.0941 4723.67
702.699 130.906 4723.67
702.699 -253.094 4723.67
702.699 -19.0941 4969.67
702.699 -19.0941 4623.67
1290.08 -16.9942 4919.55
596.076 -16.9942 4919.55
731.076 380.006 4919.55
731.076 -270.994 4919.55
731.076 -16.9942 5111.55
731.076 -16.9942 4803.55
1169.99 -15.113 5106.47
688.988 -15.113 5106.47
757.988 78.887 5106.47
757.988 -286.113 5106.47
757.988 -15.113 5307.47
757.988 -15.113 5038.47
918.528 -13.1131 5278.68
713.528 -13.1131 5278.68
782.528 69.8869 5278.68
782.528 -294.113 5278.68
782.528 -13.1131 5524.68
782.528 -13.1131 5206.68
985.986 -6.39588 5790.64
851.986 -6.39588 5790.64
851.986 67.6041 5790.64
851.986 -294.396 5790.64
851.986 -6.39588 5941.64
851.986 -6.39588 5706.64
1268.17 -4.31812 5966.48
741.173 -4.31812 5966.48
875.173 129.682 5966.48
875.173 -292.318 5966.48
875.173 -4.31812 6117.48
875.173 -4.31812 5821.48
1034.55 -2.06588 6131.64
844.55 -2.06588 6131.64
897.55 148.934 6131.64
897.55 -68.0659 6131.64
897.55 -2.06588 6216.64
897.55 -2.06588 5886.64
1046.46 0.735196 6304.98
862.462 0.735196 6304.98
921.462 71.7352 6304.98
921.462 -283.265 6304.98
921.462 0.735196 6377.98
921.462 0.735196 6059.98
1063.64 3.56172 6485.84
840.643 3.56172 6485.84
946.643 74.5617 6485.84
946.643 -274.438 6485.84
946.643 3.56172 6551.84
946.643 3.56172 6252.84
1086.16 5.76151 6674.96
919.164 5.76151 6674.96
972.164 76.7615 6674.96
972.164 -291.238 6674.96
972.164 5.76151 6741.96
972.164 5.76151 6373.96
1103.79 7.23691 6804.44
681.787 7.23691 6804.44
989.787 157.237 6804.44
989.787 -290.763 6804.44
989.787 7.23691 6876.44
989.787 7.23691 6615.44
1129.15 9.0323 7017.25
967.15 9.0323 7017.25
1018.15 82.0323 7017.25
1018.15 -286.968 7017.25
1018.15 9.0323 7088.25
1018.15 9.0323 6721.25
1607.52 9.96408 7183.27
986.522 9.96408 7183.27
1039.52 82.9641 7183.27
1039.52 -276.036 7183.27
1039.52 9.96408 7257.27
1039.52 9.96408 6998.27
1521.82 10.9079 7356.07
1004.82 10.9079 7356.07
1061.82 86.9079 7356.07
1061.82 -286.092 7356.07
1061.82 10.9079 7428.07
1061.82 10.9079 7129.07
1694.44 11.8264 7554.44
1031.44 11.8264 7554.44
1086.44 84.8264 7554.44
1086.44 -286.174 7554.44
1086.44 11.8264 7615.44
1086.44 11.8264 7269.44
1681.5 12.7399 7754.97
1049.5 12.7399 7754.97
1110.5 70.7399 7754.97
1110.5 -271.26 7754.97
1110.5 12.7399 7812.97
1110.5 12.7399 7457.97
1743.46 13.6477 7956.76
1076.46 13.6477 7956.76
1135.46 69.6477 7956.76
1135.46 -283.352 7956.76
1135.46 13.6477 8017.76
1135.46 13.6477 7624.76
1387.45 14.5865 8167.97
1104.45 14.5865 8167.97
1162.45 181.586 8167.97
1162.45 -556.414 8167.97
1162.45 14.5865 8235.97
1162.45 14.5865 7870.97
1236.63 15.5535 8388.45
1125.63 15.5535 8388.45
1190.63 70.5535 8388.45
1190.63 -2113.45 8388.45
1190.63 15.5535 8465.45
1190.63 15.5535 8091.45
1907.33 16.6389 8639.33
1166.33 16.6389 8639.33
1223.33 74.6389 8639.33
1223.33 -308.361 8639.33
1223.33 16.6389 8725.33
1223.33 16.6389 8343.33
1294.32 17.5185 8845.4
1187.32 17.5185 8845.4
1249.32 73.5185 8845.4
1249.32 -276.482 8845.4
1249.32 17.5185 8939.4
1249.32 17.5185 8548.4
1313.68 18.2036 9007.55
1210.68 18.2036 9007.55
1269.68 73.2036 9007.55
1269.68 -282.796 9007.55
1269.68 18.2036 9109.55
1269.68 18.2036 8858.55
1344.13 19.3433 9281.26
1239.13 19.3433 9281.26
1299.13 167.343 9281.26
1299.13 -277.657 9281.26
1299.13 19.3433 9392.26
1299.13 19.3433 9141.26
1365.32 20.4201 9492.62
1259.32 20.4201 9492.62
1321.32 75.4201 9492.62
1321.32 -285.58 9492.62
1321.32 20.4201 9613.62
1321.32 20.4201 9360.62
1385.84 21.4406 9679.21
1275.84 21.4406 9679.21
1340.84 75.4406 9679.21
1340.84 -275.559 9679.21
1340.84 21.4406 9813.21
1340.84 21.4406 9560.21
1411.78 23.391 9913.24
1302.78 23.391 9913.24
1364.78 205.391 9913.24
1364.78 -274.609 9913.24
1364.78 23.391 10056.2
1364.78 23.391 9804.24
1867.22 25.0501 10097.4
1320.22 25.0501 10097.4
1383.22 80.0501 10097.4
1383.22 -270.95 10097.4
1383.22 25.0501 10252.4
1383.22 25.0501 9999.44
1450.52 28.3962 10305.5
1336.52 28.3962 10305.5
1404.52 86.3962 10305.5
1404.52 -250.604 10305.5
1404.52 28.3962 10600.5
1404.52 28.3962 10219.5
1876.28 31.9623 10520.8
1356.28 31.9623 10520.8
1426.28 84.9623 10520.8
1426.28 -264.038 10520.8
1426.28 31.9623 10787.8
1426.28 31.9623 10446.8
1951.88 35.414 10758.7
1377.88 35.414 10758.7
1449.88 87.414 10758.7
1449.88 -260.586 10758.7
1449.88 35.414 11056.7
1449.88 35.414 10446.7
1517 38.7537 10963.8
1391 38.7537 10963.8
1470 102.754 10963.8
1470 -257.246 10963.8
1470 38.7537 11179.8
1470 38.7537 10894.8
1571.24 43.5161 11201
1435.24 43.5161 11201
1493.24 122.516 11201
1493.24 -252.484 11201
1493.24 43.5161 11496
1493.24 43.5161 11130
1600.71 48.414 11454.2
1448.71 48.414 11454.2
1517.71 141.414 11454.2
1517.71 -247.586 11454.2
1517.71 48.414 11750.2
1517.71 48.414 11381.2
2154.7 52.8241 11704
1481.7 52.8241 11704
1541.7 164.824 11704
1541.7 -244.176 11704
1541.7 52.8241 12001
1541.7 52.8241 11629
1991.7 56.2747 11920.8
1502.7 56.2747 11920.8
1562.7 181.275 11920.8
1562.7 -240.725 11920.8
1562.7 56.2747 12216.8
1562.7 56.2747 11842.8
2184.38 59.7821 12154.3
1519.38 59.7821 12154.3
1585.38 258.782 12154.3
1585.38 -236.218 12154.3
1585.38 59.7821 12451.3
1585.38 59.7821 12075.3
2221.18 62.7579 12400.9
1542.18 62.7579 12400.9
1609.18 357.758 12400.9
1609.18 -87.2421 12400.9
1609.18 62.7579 12696.9
1609.18 62.7579 12322.9
2431.04 64.0571 12646.1
1564.04 64.0571 12646.1
1632.04 361.057 12646.1
1632.04 -64.9429 12646.1
1632.04 64.0571 12943.1
1632.04 64.0571 12570.1
2138.77 65.6764 12881.1
1589.77 65.6764 12881.1
1653.77 365.676 12881.1
1653.77 -39.3236 12881.1
1653.77 65.6764 13178.1
1653.77 65.6764 12805.1
2287.47 67.5653 13106.4
1613.47 67.5653 13106.4
1674.47 364.565 13106.4
1674.47 -20.4347 13106.4
1674.47 67.5653 13402.4
1674.47 67.5653 13029.4
2602.93 68.9561 13398.7
1638.93 68.9561 13398.7
1700.93 363.956 13398.7
1700.93 -45.0439 13398.7
1700.93 68.9561 13693.7
1700.93 68.9561 13318.7
2282.82 70.4415 13654.1
1642.82 70.4415 13654.1
1723.82 344.441 13654.1
1723.82 0.44146 13654.1
1723.82 70.4415 13948.1
1723.82 70.4415 13569.1
2342.36 73.3213 13919.5
1694.36 73.3213 13919.5
1747.36 355.321 13919.5
1747.36 4.32135 13919.5
1747.36 73.3213 14056.5
1747.36 73.3213 13820.5
2353.18 76.2503 14189.3
1719.18 76.2503 14189.3
1771.18 663.25 14189.3
1771.18 5.2503 14189.3
1771.18 76.2503 14355.3
1771.18 76.2503 14070.3
3825.52 79.3884 14506.6
1743.52 79.3884 14506.6
1799.52 364.388 14506.6
1799.52 7.38843 14506.6
1799.52 79.3884 14598.6
1799.52 79.3884 14360.6
2431.75 82.1528 14774.3
1770.75 82.1528 14774.3
1823.75 374.153 14774.3
1823.75 7.15279 14774.3
1823.75 82.1528 14850.3
1823.75 82.1528 14477.3
2457.87 84.6734 15061.9
1795.87 84.6734 15061.9
1849.87 361.673 15061.9
1849.87 8.67339 15061.9
1849.87 84.6734 15133.9
1849.87 84.6734 14722.9
2455.83 87.1196 15376.8
1826.83 87.1196 15376.8
1878.83 384.12 15376.8
1878.83 -7.8804 15376.8
1878.83 87.1196 15448.8
1878.83 87.1196 15176.8
2488.96 89.5494 15677.2
1858.96 89.5494 15677.2
1906.96 430.549 15677.2
1906.96 -160.451 15677.2
1906.96 89.5494 15749.2
1906.96 89.5494 15381.2
2539.81 92.106 15950.4
1883.81 92.106 15950.4
1932.81 389.106 15950.4
1932.81 -54.894 15950.4
1932.81 92.106 16021.4
1932.81 92.106 15513.4
2541.56 94.9234 16245.3
1915.56 94.9234 16245.3
1961.56 391.923 16245.3
1961.56 -201.077 16245.3
1961.56 94.9234 16317.3
1961.56 94.9234 15949.3
2567.97 98.0007 16572.8
1946.97 98.0007 16572.8
1993.97 394.001 16572.8
1993.97 -153.999 16572.8
1993.97 98.0007 16642.8
1993.97 98.0007 16276.8
2591.08 100.074 16836.2
1968.08 100.074 16836.2
2020.08 248.074 16836.2
2020.08 -194.926 16836.2
2020.08 100.074 16906.2
2020.08 100.074 16541.2
2906.43 103.622 17224.9
2004.43 103.622 17224.9
2059.43 402.622 17224.9
2059.43 -232.378 17224.9
2059.43 103.622 17294.9
2059.43 103.622 16924.9
2681.48 106.861 17504.2
1988.48 106.861 17504.2
2088.48 390.861 17504.2
2088.48 -127.139 17504.2
2088.48 106.861 17573.2
2088.48 106.861 17315.2
2737.41 110.625 17836.3
2077.41 110.625 17836.3
2123.41 226.625 17836.3
2123.41 -171.375 17836.3
2123.41 110.625 18051.3
2123.41 110.625 17490.3
2844.2 114.006 18174.6
2115.2 114.006 18174.6
2159.2 238.006 18174.6
2159.2 -233.994 18174.6
2159.2 114.006 18423.6
2159.2 114.006 17908.6
2798.2 117.754 18527.3
2152.2 117.754 18527.3
2197.2 221.754 18527.3
2197.2 -116.246 18527.3
2197.2 117.754 18614.3
2197.2 117.754 18186.3
2489.2 122.288 18888.9
2191.2 122.288 18888.9
2237.2 182.288 18888.9
2237.2 -210.712 18888.9
2237.2 122.288 19136.9
2237.2 122.288 18606.9
2432.57 127.21 19336
2054.57 127.21 19336
2286.57 185.21 19336
2286.57 -1954.79 19336
2286.57 127.21 19423
2286.57 127.21 18990
2526.87 130.137 19669.5
2273.87 130.137 19669.5
2323.87 190.137 19669.5
2323.87 -123.863 19669.5
2323.87 130.137 19766.5
2323.87 130.137 19387.5
2956.59 132.065 19959.4
2302.59 132.065 19959.4
2356.59 347.065 19959.4
2356.59 -215.935 19959.4
2356.59 132.065 20156.4
2356.59 132.065 19694.4
3037.31 134.858 20324.3
2346.31 134.858 20324.3
2397.31 194.858 20324.3
2397.31 -213.142 20324.3
2397.31 134.858 20454.3
2397.31 134.858 20188.3
3408.58 137.588 20706.9
2384.58 137.588 20706.9
2440.58 193.588 20706.9
2440.58 -161.412 20706.9
2440.58 137.588 20936.9
2440.58 137.588 20591.9
2593.75 139.944 21006.1
2242.75 139.944 21006.1
2473.75 192.944 21006.1
2473.75 -87.0557 21006.1
2473.75 139.944 21306.1
2473.75 139.944 20916.1
3146.39 142.565 21423.3
2464.39 142.565 21423.3
2521.39 194.565 21423.3
2521.39 -205.435 21423.3
2521.39 142.565 21549.3
2521.39 142.565 21354.3
3447.38 144.929 21832.9
2353.38 144.929 21832.9
2568.38 376.929 21832.9
2568.38 -154.071 21832.9
2568.38 144.929 22131.9
2568.38 144.929 21771.9
2753.24 146.863 22194.9
2379.24 146.863 22194.9
2610.24 198.863 22194.9
2610.24 -201.137 22194.9
2610.24 146.863 22301.9
2610.24 146.863 22120.9
3293.1 149 22557.5
2600.1 149 22557.5
2651.1 202 22557.5
2651.1 -198 22557.5
2651.1 149 22699.5
2651.1 149 22454.5
2844.09 151.641 22947.7
2643.09 151.641 22947.7
2694.09 202.641 22947.7
2694.09 -486.359 22947.7
2694.09 151.641 23162.7
2694.09 151.641 22815.7
2883.6 154.229 23323.3
2687.6 154.229 23323.3
2733.6 368.229 23323.3
2733.6 -93.7714 23323.3
2733.6 154.229 23554.3
2733.6 154.229 22976.3
2968.14 160.203 24391.7
2785.14 160.203 24391.7
2851.14 210.203 24391.7
2851.14 -186.797 24391.7
2851.14 160.203 24391.7
2851.14 160.203 24044.7
3763.11 162.889 24850.8
2851.11 162.889 24850.8
2902.11 462.889 24850.8
2902.11 -71.1113 24850.8
2902.11 162.889 24910.8
2902.11 162.889 24504.8
3080.82 164.936 25193.1
2891.82 164.936 25193.1
2940.82 370.936 25193.1
2940.82 -183.064 25193.1
2940.82 164.936 25407.1
2940.82 164.936 24846.1
3583.68 167.215 25521.8
2875.68 167.215 25521.8
2978.68 273.215 25521.8
2978.68 -72.7849 25521.8
2978.68 167.215 25587.8
2978.68 167.215 25386.8
3594.56 170.548 25993.1
897.563 170.548 25993.1
3033.56 358.548 25993.1
3033.56 -77.4524 25993.1
3033.56 170.548 26053.1
3033.56 170.548 25727.1
3707.39 173.427 26415.4
944.391 173.427 26415.4
3083.39 281.427 26415.4
3083.39 -173.573 26415.4
3083.39 173.427 26475.4
3083.39 173.427 26275.4
4194.9 176.244 26863
1000.9 176.244 26863
3136.9 283.244 26863
3136.9 -170.756 26863
3136.9 176.244 26933
3136.9 176.244 26728
3787.86 179.386 27287.4
3131.86 179.386 27287.4
3187.86 223.386 27287.4
3187.86 -2058.61 27287.4
3187.86 179.386 27368.4
3187.86 179.386 27166.4
3929.6 183.674 27863.1
3061.6 183.674 27863.1
3257.6 227.674 27863.1
3257.6 -2066.33 27863.1
3257.6 183.674 27964.1
3257.6 183.674 27673.1
3397.93 187.544 28364.8
3086.93 187.544 28364.8
3318.93 229.544 28364.8
3318.93 -1944.46 28364.8
3318.93 187.544 28479.8
3318.93 187.544 28256.8
4231.44 190.871 28831.5
3327.44 190.871 28831.5
3376.44 233.871 28831.5
3376.44 -123.129 28831.5
3376.44 190.871 29061.5
3376.44 190.871 28565.5
3624.7 204.351 30038
3469.7 204.351 30038
3525.7 204.351 30038
3525.7 -135.649 30038
3525.7 204.351 30155
3525.7 204.351 29940
4304.43 218.328 31199.7
3613.43 218.328 31199.7
3667.43 262.328 31199.7
3667.43 -80.6718 31199.7
3667.43 218.328 31199.7
3667.43 218.328 31125.7
4459.63 240.167 32459.7
3819.63 240.167 32459.7
3819.63 292.167 32459.7
3819.63 -106.833 32459.7
3819.63 240.167 32552.7
3819.63 240.167 32337.7
4386.16 247.549 32854.1
3818.16 247.549 32854.1
3867.16 454.549 32854.1
3867.16 91.5491 32854.1
3867.16 247.549 33052.1
3867.16 247.549 32572.1
4502.16 256.173 33343.3
3695.16 256.173 33343.3
3926.16 488.173 33343.3
3926.16 119.173 33343.3
3926.16 256.173 33438.3
3926.16 256.173 33010.3
4647.62 262.771 33774
3765.62 262.771 33774
3978.62 561.771 33774
3978.62 142.771 33774
3978.62 262.771 33870
3978.62 262.771 33426
4684.65 272.382 34288.6
3992.65 272.382 34288.6
4040.65 612.382 34288.6
4040.65 176.382 34288.6
4040.65 272.382 34485.6
4040.65 272.382 34023.6
4615.74 281.611 34683.4
4033.74 281.611 34683.4
4087.74 581.611 34683.4
4087.74 83.6113 34683.4
4087.74 281.611 34779.4
4087.74 281.611 34493.4
4808.91 290.505 35064.7
4081.91 290.505 35064.7
4132.91 502.505 35064.7
4132.91 74.5048 35064.7
4132.91 290.505 35262.7
4132.91 290.505 34781.7
4838.63 302.918 35631.6
4148.63 302.918 35631.6
4199.63 601.918 35631.6
4199.63 88.9181 35631.6
4199.63 302.918 35710.6
4199.63 302.918 35443.6
4910.41 316.908 36166.4
4064.41 316.908 36166.4
4262.41 615.908 36166.4
4262.41 259.908 36166.4
4262.41 316.908 36230.4
4262.41 316.908 35820.4
5015.46 331.9 36737
4281.46 331.9 36737
4329.46 671.9 36737
4329.46 116.9 36737
4329.46 331.9 37003
4329.46 331.9 36471
5035.64 343.549 37178.6
4328.64 343.549 37178.6
4381.64 690.549 37178.6
4381.64 146.549 37178.6
4381.64 343.549 37279.6
4381.64 343.549 36972.6
5076.59 362.151 37820.4
4404.59 362.151 37820.4
4457.59 710.151 37820.4
4457.59 -1689.85 37820.4
4457.59 362.151 38069.4
4457.59 362.151 37678.4
5143.81 373.966 38209.4
4443.81 373.966 38209.4
4503.81 689.966 38209.4
4503.81 316.966 38209.4
4503.81 373.966 38556.4
4503.81 373.966 38011.4
5100.41 386.847 38633.4
4339.41 386.847 38633.4
4554.41 732.847 38633.4
4554.41 327.847 38633.4
4554.41 386.847 38950.4
4554.41 386.847 38563.4
5296.61 402.568 39159.2
4552.61 402.568 39159.2
4617.61 749.568 39159.2
4617.61 306.568 39159.2
4617.61 402.568 39390.2
4617.61 402.568 39086.2
5189.47 417.816 39669.2
4604.47 417.816 39669.2
4679.47 631.816 39669.2
4679.47 134.816 39669.2
4679.47 417.816 40015.2
4679.47 417.816 39589.2
6094.69 435.649 40224.7
4690.69 435.649 40224.7
4746.69 625.649 40224.7
4746.69 291.649 40224.7
4746.69 435.649 40572.7
4746.69 435.649 39975.7
5493.81 451.968 40762.7
4752.81 451.968 40762.7
4812.81 647.968 40762.7
4812.81 152.968 40762.7
4812.81 451.968 41108.7
4812.81 451.968 40675.7
4994.65 492.215 42206.4
4947.65 492.215 42206.4
4994.65 554.215 42206.4
4994.65 192.215 42206.4
4994.65 492.215 42455.4
4994.65 492.215 41924.4
5760.69 511.026 42861
5035.69 511.026 42861
5077.69 570.026 42861
5077.69 -1619.97 42861
5077.69 511.026 43159
5077.69 511.026 42579
5840.18 530.063 43466
4922.18 530.063 43466
5154.18 586.063 43466
5154.18 -1240.94 43466
5154.18 530.063 43765
5154.18 530.063 43183
5865.3 548.574 44051.7
5184.3 548.574 44051.7
5228.3 780.574 44051.7
5228.3 -1504.43 44051.7
5228.3 548.574 44264.7
5228.3 548.574 43938.7
5953.37 567.555 44657.7
5248.37 567.555 44657.7
5305.37 613.555 44657.7
5305.37 220.555 44657.7
5305.37 567.555 44806.7
5305.37 567.555 44552.7
5930.62 584.668 45219.8
5179.62 584.668 45219.8
5377.62 630.668 45219.8
5377.62 245.668 45219.8
5377.62 584.668 45567.8
5377.62 584.668 45145.8
6055.01 597.553 45648.4
5185.01 597.553 45648.4
5433.01 646.553 45648.4
5433.01 297.553 45648.4
5433.01 597.553 45987.4
5433.01 597.553 45584.4
6089.52 613.07 46194.3
5438.52 613.07 46194.3
5505.52 844.07 46194.3
5505.52 314.07 46194.3
5505.52 613.07 46409.3
5505.52 613.07 46126.3
5734 631.69 46829.5
5517 631.69 46829.5
5588 719.69 46829.5
5588 420.69 46829.5
5588 631.69 47042.5
5588 631.69 46758.5
6300.05 643.488 47241.9
5582.05 643.488 47241.9
5642.05 753.488 47241.9
5642.05 296.488 47241.9
5642.05 643.488 47473.9
5642.05 643.488 47167.9
6369.13 658.366 47763.4
5644.13 658.366 47763.4
5710.13 786.366 47763.4
5710.13 427.366 47763.4
5710.13 658.366 48111.4
5710.13 658.366 47688.4
5887.62 699.487 49155.6
5826.62 699.487 49155.6
5887.62 1046.49 49155.6
5887.62 583.487 49155.6
5887.62 699.487 49502.6
5887.62 699.487 49077.6
6075.01 715.536 49686.9
5897.01 715.536 49686.9
5954.01 1173.54 49686.9
5954.01 612.536 49686.9
5954.01 715.536 49900.9
5954.01 715.536 49606.9
6714.52 734.242 50267.8
5962.52 734.242 50267.8
6024.52 971.242 50267.8
6024.52 434.242 50267.8
6024.52 734.242 50613.8
6024.52 734.242 50183.8
6313.79 753.56 50947.8
6058.79 753.56 50947.8
6109.79 1086.56 50947.8
6109.79 -1366.44 50947.8
6109.79 753.56 51195.8
6109.79 753.56 50665.8
6803.29 775.891 51670
6142.29 775.891 51670
6195.29 1121.89 51670
6195.29 -1274.11 51670
6195.29 775.891 51902
6195.29 775.891 51536
6864.81 792.161 52151.8
6060.81 792.161 52151.8
6249.81 1074.16 52151.8
6249.81 444.161 52151.8
6249.81 792.161 52238.8
6249.81 792.161 51804.8
7003.91 808.446 52762.1
6267.91 808.446 52762.1
6324.91 1145.45 52762.1
6324.91 492.446 52762.1
6324.91 808.446 52837.1
6324.91 808.446 52497.1
6980.32 823.925 53355
6342.32 823.925 53355
6398.32 1105.93 53355
6398.32 591.925 53355
6398.32 823.925 53421
6398.32 823.925 53102
7115.71 841.69 54100
6434.71 841.69 54100
6492.71 1141.69 54100
6492.71 -1353.31 54100
6492.71 841.69 54331
6492.71 841.69 53752
7193.21 856.16 54748.6
6524.21 856.16 54748.6
6576.21 1155.16 54748.6
6576.21 508.16 54748.6
6576.21 856.16 54809.6
6576.21 856.16 54401.6
7336.08 872.52 55433.7
6561.08 872.52 55433.7
6662.08 1077.52 55433.7
6662.08 622.52 55433.7
6662.08 872.52 55630.7
6662.08 872.52 55151.7
7291.91 884.991 56014.1
6687.91 884.991 56014.1
6739.91 1199.99 56014.1
6739.91 610.991 56014.1
6739.91 884.991 56066.1
6739.91 884.991 55807.1
7422.39 901.06 56744.7
6789.39 901.06 56744.7
6837.39 1001.06 56744.7
6837.39 553.06 56744.7
6837.39 901.06 56797.7
6837.39 901.06 56396.7
7879.65 914.124 57450.4
6723.65 914.124 57450.4
6936.65 991.124 57450.4
6936.65 -1216.88 57450.4
6936.65 914.124 57503.4
6936.65 914.124 57134.4
7533.73 925.286 58016.2
6958.73 925.286 58016.2
7015.73 978.286 58016.2
7015.73 592.286 58016.2
7015.73 925.286 58245.2
7015.73 925.286 57734.2
7736.54 937.313 58606.8
7045.54 937.313 58606.8
7097.54 993.313 58606.8
7097.54 706.313 58606.8
7097.54 937.313 58683.8
7097.54 937.313 58354.8
7814.69 948.069 59223.2
7134.69 948.069 59223.2
7187.69 1002.07 59223.2
7187.69 649.069 59223.2
7187.69 948.069 59455.2
7187.69 948.069 58876.2
7429.09 962.579 60009.9
7069.09 962.579 60009.9
7301.09 1017.58 60009.9
7301.09 614.579 60009.9
7301.09 962.579 60089.9
7301.09 962.579 59663.9
7994.36 974.711 60725.6
7348.36 974.711 60725.6
7408.36 1029.71 60725.6
7408.36 626.711 60725.6
7408.36 974.711 60816.6
7408.36 974.711 60389.6
7686.4 988.159 61378.9
7416.4 988.159 61378.9
7500.4 1046.16 61378.9
7500.4 -1064.84 61378.9
7500.4 988.159 61493.9
7500.4 988.159 61095.9
8241.28 1006.8 62187.9
7469.28 1006.8 62187.9
7608.28 1068.8 62187.9
7608.28 -1042.2 62187.9
7608.28 1006.8 62488.9
7608.28 1006.8 62062.9
8232.86 1019.5 62741.4
7613.86 1019.5 62741.4
7682.86 1216.5 62741.4
7682.86 720.503 62741.4
7682.86 1019.5 63089.4
7682.86 1019.5 62660.4
7863.15 1034.75 63341.5
7701.15 1034.75 63341.5
7759.15 1267.75 63341.5
7759.15 883.754 63341.5
7759.15 1034.75 63573.5
7759.15 1034.75 63278.5
7953.61 1055.65 64107.4
7794.61 1055.65 64107.4
7850.61 1288.65 64107.4
7850.61 -1062.35 64107.4
7850.61 1055.65 64338.4
7850.61 1055.65 64043.4
8002.91 1075.77 64862.3
7883.91 1075.77 64862.3
7943.91 1290.77 64862.3
7943.91 -1156.23 64862.3
7943.91 1075.77 65209.3
7943.91 1075.77 64803.3
8563.48 1094.64 65571.4
7966.48 1094.64 65571.4
8031.48 1309.64 65571.4
8031.48 794.638 65571.4
8031.48 1094.64 65824.4
8031.48 1094.64 65355.4
8184.02 1109.68 66123
8032.02 1109.68 66123
8098.02 1374.68 66123
8098.02 810.677 66123
8098.02 1109.68 66469
8098.02 1109.68 66065
8242.06 1129.51 66870.2
8123.06 1129.51 66870.2
8190.06 1356.51 66870.2
8190.06 1027.51 66870.2
8190.06 1129.51 67085.2
8190.06 1129.51 66807.2
8365.76 1146.28 67506.3
8204.76 1146.28 67506.3
8267.76 1402.28 67506.3
8267.76 1052.28 67506.3
8267.76 1146.28 67739.3
8267.76 1146.28 67441.3
8799.49 1163.22 68147.6
8284.49 1163.22 68147.6
8346.49 1510.22 68147.6
8346.49 1064.22 68147.6
8346.49 1163.22 68401.6
8346.49 1163.22 68080.6
8576.36 1184.13 68905.8
8387.36 1184.13 68905.8
8445.36 1468.13 68905.8
8445.36 -868.867 68905.8
8445.36 1184.13 69050.8
8445.36 1184.13 68827.8
9147.02 1206.35 69714.5
8498.02 1206.35 69714.5
8550.02 1522.35 69714.5
8550.02 -1153.65 69714.5
8550.02 1206.35 69818.5
8550.02 1206.35 69542.5
9246.54 1231.07 70610.4
8609.54 1231.07 70610.4
8665.54 1578.07 70610.4
8665.54 -818.935 70610.4
8665.54 1231.07 70683.4
8665.54 1231.07 70310.4
8923.41 1285.32 72629.5
8872.41 1285.32 72629.5
8923.41 1602.32 72629.5
8923.41 1063.32 72629.5
8923.41 1285.32 72894.5
8923.41 1285.32 72329.5
9658.28 1306.46 73427.1
8963.28 1306.46 73427.1
9024.28 1653.46 73427.1
9024.28 1093.46 73427.1
9024.28 1306.46 73513.1
9024.28 1306.46 73144.1
9236.53 1324.73 74237.2
9067.53 1324.73 74237.2
9119.53 1623.73 74237.2
9119.53 -959.275 74237.2
9119.53 1324.73 74322.2
9119.53 1324.73 74021.2
9796.46 1339.53 74861.1
9144.46 1339.53 74861.1
9193.46 1536.53 74861.1
9193.46 1040.53 74861.1
9193.46 1339.53 74999.1
9193.46 1339.53 74562.1
9531.82 1383.89 76748.8
9417.82 1383.89 76748.8
9417.82 1665.89 76748.8
9417.82 1035.89 76748.8
9417.82 1383.89 76832.8
9417.82 1383.89 76412.8
10039.6 1397.2 77330
9433.59 1397.2 77330
9486.59 1451.2 77330
9486.59 1060.2 77330
9486.59 1397.2 77562
9486.59 1397.2 77047
10191.7 1413.56 78070.7
9479.69 1413.56 78070.7
9573.69 1457.56 78070.7
9573.69 -968.439 78070.7
9573.69 1413.56 78177.7
9573.69 1413.56 77880.7
10261.9 1433.36 78987
9633.93 1433.36 78987
9680.93 1474.36 78987
9680.93 -699.642 78987
9680.93 1433.36 79113
9680.93 1433.36 78722
9883.09 1450.15 79715.8
9709.09 1450.15 79715.8
9767.09 1499.15 79715.8
9767.09 -673.854 79715.8
9767.09 1450.15 79947.8
9767.09 1450.15 79584.8
9976.18 1469.31 80477.8
9800.18 1469.31 80477.8
9858.18 1545.31 80477.8
9858.18 -581.689 80477.8
9858.18 1469.31 80612.8
9858.18 1469.31 80351.8
10056.8 1486.56 81161.3
9891.85 1486.56 81161.3
9939.85 1587.56 81161.3
9939.85 -644.438 81161.3
9939.85 1486.56 81427.3
9939.85 1486.56 81039.3
10145.9 1504.48 81873.4
9987.93 1504.48 81873.4
10024.9 1635.48 81873.4
10024.9 -547.519 81873.4
10024.9 1504.48 82122.4
10024.9 1504.48 81752.4
10687.3 1523.56 82623.4
10069.3 1523.56 82623.4
10114.3 1823.56 82623.4
10114.3 -532.444 82623.4
10114.3 1523.56 82756.4
10114.3 1523.56 82426.4
11021.4 1582.84 84650.2
10294.4 1582.84 84650.2
10360.4 1930.84 84650.2
10360.4 -483.162 84650.2
10360.4 1582.84 84650.2
10360.4 1582.84 84367.2
10601.8 1614.18 85649.3
10432.8 1614.18 85649.3
10482.8 1867.18 85649.3
10482.8 -518.816 85649.3
10482.8 1614.18 85880.3
10482.8 1614.18 85522.3
10808.7 1646.37 86643.7
10549.7 1646.37 86643.7
10604.7 1945.37 86643.7
10604.7 -484.63 86643.7
10604.7 1646.37 86772.7
10604.7 1646.37 86378.7
10809.6 1668.31 87352.3
10620.6 1668.31 87352.3
10690.6 2017.31 87352.3
10690.6 1323.31 87352.3
10690.6 1668.31 87584.3
10690.6 1668.31 87224.3
11453.9 1702.38 88452.7
10781.9 1702.38 88452.7
10823.9 2001.38 88452.7
10823.9 -671.62 88452.7
10823.9 1702.38 88580.7
10823.9 1702.38 88262.7
11060.9 1737.54 89512
10882.9 1737.54 89512
10954.9 1837.54 89512
10954.9 -311.458 89512
10954.9 1737.54 89642
10954.9 1737.54 89322
11664.1 1770.94 90483.8
10862.1 1770.94 90483.8
11076.1 1843.94 90483.8
11076.1 -313.062 90483.8
11076.1 1770.94 90690.8
11076.1 1770.94 90167.8
11449.3 1845.44 92636.2
11293.3 1845.44 92636.2
11344.3 1845.44 92636.2
11344.3 1498.44 92636.2
11344.3 1845.44 92841.2
11344.3 1845.44 92533.2
12282.3 1873.06 93417.8
11388.3 1873.06 93417.8
11441.3 2088.06 93417.8
11441.3 1573.06 93417.8
11441.3 1873.06 93764.8
11441.3 1873.06 93364.8
11628.7 1897.94 94130.7
11471.7 1897.94 94130.7
11528.7 1980.94 94130.7
11528.7 1581.94 94130.7
11528.7 1897.94 94361.7
11528.7 1897.94 94073.7
12200.3 1931.65 95073
11585.3 1931.65 95073
11645.3 2128.65 95073
11645.3 -188.354 95073
11645.3 1931.65 95321
11645.3 1931.65 95001
11851.2 1964.12 95940.6
11697.2 1964.12 95940.6
11754.2 2178.12 95940.6
11754.2 -84.8815 95940.6
11754.2 1964.12 96287.6
11754.2 1964.12 95863.6
11985.3 2006.08 96975.5
11656.3 2006.08 96975.5
11888.3 2059.08 96975.5
11888.3 -126.92 96975.5
11888.3 2006.08 97274.5
11888.3 2006.08 96895.5
12086 2037.1 97764.3
11927 2037.1 97764.3
11989 2250.1 97764.3
11989 1700.1 97764.3
11989 2037.1 97997.3
11989 2037.1 97689.3
12211.8 2075.93 98737
12052.8 2075.93 98737
12113.8 2120.93 98737
12113.8 1728.93 98737
12113.8 2075.93 99085
12113.8 2075.93 98677
12855.7 2111.04 99597.3
12167.7 2111.04 99597.3
12224.7 2156.04 99597.3
12224.7 1812.04 99597.3
12224.7 2111.04 99942.3
12224.7 2111.04 99548.3
12404.5 2138.4 100274
12255.5 2138.4 100274
12311.5 2198.4 100274
12311.5 1839.4 100274
12311.5 2138.4 100505
12311.5 2138.4 100226
13494.9 2169.93 101059
12182.9 2169.93 101059
12411.9 2224.93 101059
12411.9 1955.93 101059
12411.9 2169.93 101358
12411.9 2169.93 101011
12525.3 2193.04 101637
12238.3 2193.04 101637
12485.3 2245.04 101637
12485.3 2148.04 101637
12485.3 2193.04 101744
12485.3 2193.04 101596
12795.3 2280.3 103820
12693.3 2280.3 103820
12763.3 2340.3 103820
12763.3 2162.3 103820
12763.3 2280.3 103941
12763.3 2280.3 103820
12894.1 2308.59 104547
12623.1 2308.59 104547
12855.1 2370.59 104547
12855.1 1961.59 104547
12855.1 2308.59 104669
12855.1 2308.59 104422
12994.7 2339.36 105357
12894.7 2339.36 105357
12955.7 2400.36 105357
12955.7 2134.36 105357
12955.7 2339.36 105571
12955.7 2339.36 105213
13088.7 2367.46 106122
12988.7 2367.46 106122
13048.7 2581.46 106122
13048.7 2019.46 106122
13048.7 2367.46 106214
13048.7 2367.46 105774
13221.9 2406.48 107181
12979.9 2406.48 107181
13177.9 2498.48 107181
13177.9 354.477 107181
13177.9 2406.48 107270
13177.9 2406.48 107076
13467.7 2492.66 109535
13416.7 2492.66 109535
13467.7 2648.66 109535
13467.7 443.66 109535
13467.7 2492.66 109783
13467.7 2492.66 109440
14166.7 2526.32 110455
13528.7 2526.32 110455
13578.7 2723.32 110455
13578.7 2179.32 110455
13578.7 2526.32 110547
13578.7 2526.32 110360
13749.7 2559.61 111361
13638.7 2559.61 111361
13685.7 2906.61 111361
13685.7 339.609 111361
13685.7 2559.61 111558
13685.7 2559.61 111267
14289.4 2590.64 112197
13732.4 2590.64 112197
13784.4 2889.64 112197
13784.4 335.64 112197
13784.4 2590.64 112291
13784.4 2590.64 111998
15149 2632.95 113342
13862 2632.95 113342
13924 2932.95 113342
13924 355.947 113342
13924 2632.95 113417
13924 2632.95 113153
14692.3 2674.36 114466
14018.3 2674.36 114466
14062.3 3021.36 114466
14062.3 576.357 114466
14062.3 2674.36 114698
14062.3 2674.36 114184
14858.2 2708.39 115391
14123.2 2708.39 115391
14177.2 2746.39 115391
14177.2 2681.39 115391
14177.2 2708.39 115431
14177.2 2708.39 115240
14851.4 2740.69 116273
14073.4 2740.69 116273
14286.4 2777.69 116273
14286.4 2544.69 116273
14286.4 2740.69 116359
14286.4 2740.69 116102
15306.4 2780.79 117377
14364.4 2780.79 117377
14419.4 3127.79 117377
14419.4 2755.79 117377
14419.4 2780.79 117609
14419.4 2780.79 117226
15190.4 2807.77 118117
14461.4 2807.77 118117
14508.4 3154.77 118117
14508.4 2783.77 118117
14508.4 2807.77 118204
14508.4 2807.77 117868
15213.4 2839.22 118976
14565.4 2839.22 118976
14612.4 3138.22 118976
14612.4 2625.22 118976
14612.4 2839.22 119062
14612.4 2839.22 118630
14934 2875.33 119978
14681 2875.33 119978
14730 3209.33 119978
14730 2659.33 119978
14730 2875.33 120209
14730 2875.33 119679
15474.5 2901.96 120710
14762.5 2901.96 120710
14817.5 3218.96 120710
14817.5 2672.96 120710
14817.5 2901.96 120782
14817.5 2901.96 120503
15019.1 2929.26 121468
14849.1 2929.26 121468
14907.1 3277.26 121468
14907.1 2849.26 121468
14907.1 2929.26 121700
14907.1 2929.26 121329
15139.2 2968.18 122559
14972.2 2968.18 122559
15034.2 3222.18 122559
15034.2 2885.18 122559
15034.2 2968.18 122619
15034.2 2968.18 122465
15663.8 3002.04 123520
15088.8 3002.04 123520
15144.8 3217.04 123520
15144.8 2788.04 123520
15144.8 3002.04 123584
15144.8 3002.04 123331
15892 3034.66 124460
15190 3034.66 124460
15251 3382.66 124460
15251 2938.66 124460
15251 3034.66 124692
15251 3034.66 124368
15462.8 3067.62 125405
15318.8 3067.62 125405
15359.8 3264.62 125405
15359.8 2945.62 125405
15359.8 3067.62 125654
15359.8 3067.62 125310
15546.3 3092.58 126124
15400.3 3092.58 126124
15443.3 3439.58 126124
15443.3 2878.58 126124
15443.3 3092.58 126190
15443.3 3092.58 126026
15656.7 3125.17 127053
15509.7 3125.17 127053
15554.7 3246.17 127053
15554.7 2876.17 127053
15554.7 3125.17 127096
15554.7 3125.17 126958
15762.8 3157.69 127991
15615.8 3157.69 127991
15665.8 3256.69 127991
15665.8 2823.69 127991
15665.8 3157.69 128188
15665.8 3157.69 127867
15882.5 3192.21 128990
15682.5 3192.21 128990
15784.5 3388.21 128990
15784.5 2855.21 128990
15784.5 3192.21 129222
15784.5 3192.21 128900
15971.7 3218.34 129751
15826.7 3218.34 129751
15874.7 3358.34 129751
15874.7 3064.34 129751
15874.7 3218.34 129823
15874.7 3218.34 129641
16265.9 3299.54 132142
16028.9 3299.54 132142
16166.9 3598.54 132142
16166.9 3101.54 132142
16166.9 3299.54 132230
16166.9 3299.54 132142
16361.8 3327.01 132959
16055.8 3327.01 132959
16269.8 3540.01 132959
16269.8 3129.01 132959
16269.8 3327.01 133045
16269.8 3327.01 132862
16489.1 3363.93 134062
16361.1 3363.93 134062
16409.1 3711.93 134062
16409.1 3270.93 134062
16409.1 3363.93 134311
16409.1 3363.93 133953
16624.6 3394.49 134985
16491.6 3394.49 134985
16527.6 3736.49 134985
16527.6 3289.49 134985
16527.6 3394.49 135091
16527.6 3394.49 134877
16732.5 3424.92 135854
16582.5 3424.92 135854
16635.5 3771.92 135854
16635.5 3334.92 135854
16635.5 3424.92 135958
16635.5 3424.92 135760
16826.8 3456.54 136731
16702.8 3456.54 136731
16741.8 3804.54 136731
16741.8 3379.54 136731
16741.8 3456.54 136841
16741.8 3456.54 136632
17057.9 3549.34 139317
17027.9 3549.34 139317
17057.9 3863.34 139317
17057.9 3466.34 139317
17057.9 3549.34 139460
17057.9 3549.34 139217
17205.4 3581.16 140211
17124.4 3581.16 140211
17166.4 3778.16 140211
17166.4 3507.16 140211
17166.4 3581.16 140460
17166.4 3581.16 140120
17293.2 3606.06 140925
17207.2 3606.06 140925
17254.2 3715.06 140925
17254.2 3520.06 140925
17254.2 3606.06 141080
17254.2 3606.06 140729
17409.1 3639.01 141868
17329.1 3639.01 141868
17370.1 3853.01 141868
17370.1 3542.01 141868
17370.1 3639.01 142020
17370.1 3639.01 141795
18002.6 3675.61 142939
17456.6 3675.61 142939
17499.6 3891.61 142939
17499.6 3568.61 142939
17499.6 3675.61 143081
17499.6 3675.61 142855
17648.4 3707.75 143891
17578.4 3707.75 143891
17613.4 3757.75 143891
17613.4 3587.75 143891
17613.4 3707.75 144157
17613.4 3707.75 143695
17757.9 3739.15 144820
17527.9 3739.15 144820
17723.9 3821.15 144820
17723.9 3625.15 144820
17723.9 3739.15 145102
17723.9 3739.15 144624
18328.8 3762.9 145525
17775.8 3762.9 145525
17807.8 4061.9 145525
17807.8 3671.9 145525
17807.8 3762.9 145662
17807.8 3762.9 145387
18477.8 3806.79 146843
15826.8 3806.79 146843
17962.8 4037.79 146843
17962.8 3732.79 146843
17962.8 3806.79 147058
17962.8 3806.79 146769
18597.3 3826.25 147426
17997.3 3826.25 147426
18031.3 3938.25 147426
18031.3 3744.25 147426
18031.3 3826.25 147561
18031.3 3826.25 147211
18718.5 3860.08 148443
18119.5 3860.08 148443
18150.5 4118.08 148443
18150.5 3785.08 148443
18150.5 3860.08 148725
18150.5 3860.08 148334
18336.4 3885.23 149199
18132.4 3885.23 149199
18240.4 4083.23 149199
18240.4 3812.23 149199
18240.4 3885.23 149395
18240.4 3885.23 149090
18897.6 3920.19 150252
18317.6 3920.19 150252
18365.6 4267.19 150252
18365.6 3724.19 150252
18365.6 3920.19 150336
18365.6 3920.19 150119
19102.9 3952.29 151223
18426.9 3952.29 151223
18479.9 4300.29 151223
18479.9 3878.29 151223
18479.9 3952.29 151454
18479.9 3952.29 151092
18746.5 3990.77 152409
18577.5 3990.77 152409
18623.5 4245.77 152409
18623.5 3917.77 152409
18623.5 3990.77 152607
18623.5 3990.77 152280
19285.9 4030.5 153617
18487.9 4030.5 153617
18770.9 4355.5 153617
18770.9 3948.5 153617
18770.9 4030.5 153739
18770.9 4030.5 153446
19659.5 4061.33 154561
18814.5 4061.33 154561
18888.5 4408.33 154561
18888.5 4033.33 154561
18888.5 4061.33 154775
18888.5 4061.33 154471
19104.5 4095.78 155618
18958.5 4095.78 155618
19020.5 4431.78 155618
19020.5 4063.78 155618
19020.5 4095.78 155750
19020.5 4095.78 155502
20106.1 4191.38 158550
19334.1 4191.38 158550
19389.1 4491.38 158550
19389.1 4165.38 158550
19389.1 4191.38 158550
19389.1 4191.38 158360
19595.2 4215.84 159305
19366.2 4215.84 159305
19479.2 4563.84 159305
19479.2 4188.84 159305
19479.2 4215.84 159403
19479.2 4215.84 159197
19995.8 4308.76 162178
19825.8 4308.76 162178
19825.8 4345.76 162178
19825.8 2255.76 162178
19825.8 4308.76 162263
19825.8 4308.76 161912
20545.6 4340.66 163163
19924.6 4340.66 163163
19947.6 4688.66 163163
19947.6 2075.66 163163
19947.6 4340.66 163257
19947.6 4340.66 163055
20715 4388.74 164658
20110 4388.74 164658
20130 4735.74 164658
20130 2305.74 164658
20130 4388.74 164796
20130 4388.74 164376
20581.8 4490.82 167771
20491.8 4490.82 167771
20521.8 4490.82 167771
20521.8 2361.82 167771
20521.8 4490.82 167912
20521.8 4490.82 167655
20785 4540.46 169313
18576 4540.46 169313
20715 4806.46 169313
20715 2409.46 169313
20715 4540.46 169450
20715 4540.46 169195
20965.5 4584.93 170713
18750.5 4584.93 170713
20889.5 4926.93 170713
20889.5 2238.93 170713
20889.5 4584.93 170849
20889.5 4584.93 170593
21094.7 4616.62 171732
20974.7 4616.62 171732
21014.7 4748.62 171732
21014.7 2485.62 171732
21014.7 4616.62 171867
21014.7 4616.62 171610
21496.1 4717.32 174855
21355.1 4717.32 174855
21412.1 4717.32 174855
21412.1 2587.32 174855
21412.1 4717.32 174976
21412.1 4717.32 174731
21635.9 4752.81 175951
21491.9 4752.81 175951
21551.9 4811.81 175951
21551.9 4453.81 175951
21551.9 4752.81 176182
21551.9 4752.81 175634
21781.4 4790.17 177060
21618.4 4790.17 177060
21695.4 4852.17 177060
21695.4 4457.17 177060
21695.4 4790.17 177140
21695.4 4790.17 176712
22145.3 4884.89 179828
21860.3 4884.89 179828
22057.3 5000.89 179828
22057.3 4671.89 179828
22057.3 4884.89 179912
22057.3 4884.89 179828
22265.9 4915.9 180733
21943.9 4915.9 180733
22175.9 5051.9 180733
22175.9 4701.9 180733
22175.9 4915.9 180816
22175.9 4915.9 180593
22506.2 4977.94 182572
22361.2 4977.94 182572
22412.2 5324.94 182572
22412.2 2845.94 182572
22412.2 4977.94 182821
22412.2 4977.94 182225
23237.4 5029.08 184095
22557.4 5029.08 184095
22608.4 5253.08 184095
22608.4 2898.08 184095
22608.4 5029.08 184326
22608.4 5029.08 183795
23279.5 5064.2 185142
22691.5 5064.2 185142
22742.5 5287.2 185142
22742.5 4717.2 185142
22742.5 5064.2 185355
22742.5 5064.2 184843
23587.9 5117.16 186732
22892.9 5117.16 186732
22946.9 5433.16 186732
22946.9 2756.16 186732
22946.9 5117.16 186835
22946.9 5117.16 186561
23787.4 5164.11 188156
23081.4 5164.11 188156
23130.4 5511.11 188156
23130.4 3032.11 188156
23130.4 5164.11 188267
23130.4 5164.11 187840
24015.5 5209.09 189496
23257.5 5209.09 189496
23303.5 5557.09 189496
23303.5 3078.09 189496
23303.5 5209.09 189693
23303.5 5209.09 189230
24096.4 5244.14 190516
23380.4 5244.14 190516
23435.4 5577.14 190516
23435.4 5111.14 190516
23435.4 5244.14 190713
23435.4 5244.14 190233
24308.3 5290.33 191900
23554.3 5290.33 191900
23615.3 5521.33 191900
23615.3 2953.33 191900
23615.3 5290.33 192247
23615.3 5290.33 191812
24380.3 5326.48 193004
23691.3 5326.48 193004
23759.3 5674.48 193004
23759.3 4979.48 193004
23759.3 5326.48 193340
23759.3 5326.48 192914
24555 5369.21 194338
23869 5369.21 194338
23934 5717.21 194338
23934 5070.21 194338
23934 5369.21 194586
23934 5369.21 194245
24750.9 5410.2 195617
24036.9 5410.2 195617
24101.9 5582.2 195617
24101.9 5062.2 195617
24101.9 5410.2 195830
24101.9 5410.2 195335
24910.3 5451.82 196904
24211.3 5451.82 196904
24271.3 5681.82 196904
24271.3 3074.82 196904
24271.3 5451.82 197039
24271.3 5451.82 196809
25379.4 5565.81 200476
24692.4 5565.81 200476
24742.4 5565.81 200476
24742.4 3432.81 200476
24742.4 5565.81 200674
24742.4 5565.81 200377
25121.8 5599.74 201567
24825.8 5599.74 201567
24885.8 5647.74 201567
24885.8 5299.74 201567
24885.8 5599.74 201799
24885.8 5599.74 201285
25745.1 5648.81 203140
25034.1 5648.81 203140
25093.1 5695.81 203140
25093.1 3517.81 203140
25093.1 5648.81 203200
25093.1 5648.81 202858
26037.2 5692.49 204551
25220.2 5692.49 204551
25279.2 5922.49 204551
25279.2 3642.49 204551
25279.2 5692.49 204614
25279.2 5692.49 204337
26102.8 5723.38 205547
25361.8 5723.38 205547
25410.8 5785.38 205547
25410.8 5424.38 205547
25410.8 5723.38 205780
25410.8 5723.38 205201
26157.9 5766.03 206930
23458.9 5766.03 206930
25593.9 5824.03 206930
25593.9 5466.03 206930
25593.9 5766.03 207145
25593.9 5766.03 206664
26596.3 5809.11 208404
25676.3 5809.11 208404
25789.3 5857.11 208404
25789.3 5510.11 208404
25789.3 5809.11 208618
25789.3 5809.11 208280
26643.3 5849.58 209796
25692.3 5849.58 209796
25974.3 5894.58 209796
25974.3 3716.58 209796
25974.3 5849.58 209877
25974.3 5849.58 209514
26295.6 5896.4 211436
26143.6 5896.4 211436
26192.6 5944.4 211436
26192.6 3848.4 211436
26192.6 5896.4 211684
26192.6 5896.4 211322
26920.9 5934.45 212750
26136.9 5934.45 212750
26367.9 5983.45 212750
26367.9 5587.45 212750
26367.9 5934.45 212862
26367.9 5934.45 212633
27076.5 5975.18 214088
26439.5 5975.18 214088
26546.5 6022.18 214088
26546.5 3740.18 214088
26546.5 5975.18 214226
26546.5 5975.18 213806
26792 6009.59 215236
26649 6009.59 215236
26700 6052.59 215236
26700 5755.59 215236
26700 6009.59 215334
26700 6009.59 215141
27434 6043.1 216365
26802 6043.1 216365
26851 6091.1 216365
26851 5817.1 216365
26851 6043.1 216483
26851 6043.1 216288
27123.9 6079.93 217606
26959.9 6079.93 217606
27016.9 6145.93 217606
27016.9 5763.93 217606
27016.9 6079.93 217856
27016.9 6079.93 217533
27883.5 6119.95 218959
26981.5 6119.95 218959
27197.5 6207.95 218959
27197.5 5783.95 218959
27197.5 6119.95 219294
27197.5 6119.95 218883
28079.2 6161.89 220386
27333.2 6161.89 220386
27389.2 6375.89 220386
27389.2 5862.89 220386
27389.2 6161.89 220732
27389.2 6161.89 220308
28417.3 6196.55 221573
27496.3 6196.55 221573
27549.3 6478.55 221573
27549.3 6083.55 221573
27549.3 6196.55 221788
27549.3 6196.55 221306
28293.5 6230.4 222735
27647.5 6230.4 222735
27706.5 6443.4 222735
27706.5 6146.4 222735
27706.5 6230.4 223083
27706.5 6230.4 222659
28803.5 6265.57 223982
27822.5 6265.57 223982
27876.5 6613.57 223982
27876.5 6212.57 223982
27876.5 6265.57 224214
27876.5 6265.57 223903
30297 6304.75 225385
28016 6304.75 225385
28068 6603.75 225385
28068 6261.75 225385
28068 6304.75 225634
28068 6304.75 225103
28913.4 6338.95 226609
28186.4 6338.95 226609
28234.4 6676.95 226609
28234.4 6296.95 226609
28234.4 6338.95 226805
28234.4 6338.95 226342
29026.1 6368.39 227665
28329.1 6368.39 227665
28377.1 6716.39 227665
28377.1 6327.39 227665
28377.1 6368.39 227860
28377.1 6368.39 227398
29145.2 6406.99 229042
28511.2 6406.99 229042
28562.2 6705.99 229042
28562.2 6209.99 229042
28562.2 6406.99 229117
28562.2 6406.99 228695
28884.1 6443.6 230347
28676.1 6443.6 230347
28737.1 6777.6 230347
28737.1 6298.6 230347
28737.1 6443.6 230420
28737.1 6443.6 230099
29604.2 6483.09 231744
28865.2 6483.09 231744
28922.2 6782.09 231744
28922.2 6378.09 231744
28922.2 6483.09 231819
28922.2 6483.09 231406
29583 6517.87 232974
29046 6517.87 232974
29085 6817.87 232974
29085 6421.87 232974
29085 6517.87 233222
29085 6517.87 232628
29908.6 6546.99 234003
29184.6 6546.99 234003
29222.6 6883.99 234003
29222.6 6330.99 234003
29222.6 6546.99 234201
29222.6 6546.99 233721
30036 6588.02 235447
29370 6588.02 235447
29418 6888.02 235447
29418 6392.02 235447
29418 6588.02 235539
29418 6588.02 235259
30242.7 6630.66 236929
29404.7 6630.66 236929
29619.7 6977.66 236929
29619.7 6554.66 236929
29619.7 6630.66 237035
29619.7 6630.66 236780
30422.5 6664.4 238082
29727.5 6664.4 238082
29777.5 7012.4 238082
29777.5 6593.4 238082
29777.5 6664.4 238199
29777.5 6664.4 237800
30673.8 6709.01 239581
29701.8 6709.01 239581
29983.8 7009.01 239581
29983.8 6648.01 239581
29983.8 6709.01 239711
29983.8 6709.01 239384
31716.8 6737.37 240538
30073.8 6737.37 240538
30114.8 7084.37 240538
30114.8 6677.37 240538
30114.8 6737.37 240734
30114.8 6737.37 240256
30865.8 6776.7 241812
30096.8 6776.7 241812
30292.8 7069.7 241812
30292.8 6721.7 241812
30292.8 6776.7 242158
30292.8 6776.7 241722
31909.4 6822.88 243265
30443.4 6822.88 243265
30501.4 7163.88 243265
30501.4 6765.88 243265
30501.4 6822.88 243612
30501.4 6822.88 243196
31286.2 6866.2 244630
30632.2 6866.2 244630
30698.2 7090.2 244630
30698.2 6789.2 244630
30698.2 6866.2 244976
30698.2 6866.2 244563
32888 6978.91 248174
31132 6978.91 248174
31210 6978.91 248174
31210 6826.91 248174
31210 6978.91 248521
31210 6978.91 248102
32064.3 7015.69 249309
31319.3 7015.69 249309
31377.3 7230.69 249309
31377.3 6700.69 249309
31377.3 7015.69 249650
31377.3 7015.69 249234
32247.2 7066.78 250890
31361.2 7066.78 250890
31609.2 7297.78 250890
31609.2 6750.78 250890
31609.2 7066.78 251206
31609.2 7066.78 250815
32503.3 7112.74 252300
31570.3 7112.74 252300
31818.3 7214.74 252300
31818.3 6763.74 252300
31818.3 7112.74 252601
31818.3 7112.74 252225
32070.7 7151.1 253472
31936.7 7151.1 253472
31991.7 7399.1 253472
31991.7 6852.1 253472
31991.7 7151.1 253819
31991.7 7151.1 253396
32234.6 7192.97 254750
32126.6 7192.97 254750
32181.6 7388.97 254750
32181.6 6899.97 254750
32181.6 7192.97 254899
32181.6 7192.97 254666
32442.6 7237.25 256117
32172.6 7237.25 256117
32387.6 7434.25 256117
32387.6 6889.25 256117
32387.6 7237.25 256237
32387.6 7237.25 256009
32661.9 7282.95 257539
32388.9 7282.95 257539
32603.9 7338.95 257539
32603.9 6937.95 257539
32603.9 7282.95 257626
32603.9 7282.95 257397
32850.5 7323.16 258794
32740.5 7323.16 258794
32795.5 7378.16 258794
32795.5 7033.16 258794
32795.5 7323.16 258852
32795.5 7323.16 258449
33515.9 7358.63 259903
32912.9 7358.63 259903
32965.9 7416.63 259903
32965.9 7024.63 259903
32965.9 7358.63 260135
32965.9 7358.63 259556
33851.7 7401.05 261225
33115.7 7401.05 261225
33166.7 7617.05 261225
33166.7 7053.05 261225
33166.7 7401.05 261423
33166.7 7401.05 260943
33515.6 7453.18 262881
33373.6 7453.18 262881
33422.6 7517.18 262881
33422.6 7162.18 262881
33422.6 7453.18 262960
33422.6 7453.18 262626
34192.6 7492.87 264156
33575.6 7492.87 264156
33621.6 7560.87 264156
33621.6 7193.87 264156
33621.6 7492.87 264405
33621.6 7492.87 263809
33964.5 7531.49 265424
33610.5 7531.49 265424
33825.5 7600.49 265424
33825.5 7192.49 265424
33825.5 7531.49 265519
33825.5 7531.49 265078
34691.8 7573.25 266844
33958.8 7573.25 266844
34061.8 7648.25 266844
34061.8 7273.25 266844
34061.8 7573.25 267126
34061.8 7573.25 266690
34492.1 7624.46 268562
34279.1 7624.46 268562
34347.1 7700.46 268562
34347.1 7277.46 268562
34347.1 7624.46 268794
34347.1 7624.46 268425
35219.9 7669.02 270013
34371.9 7669.02 270013
34585.9 7746.02 270013
34585.9 7369.02 270013
34585.9 7669.02 270359
34585.9 7669.02 269903
35371.9 7719.69 271653
34801.9 7719.69 271653
34854.9 7803.69 271653
34854.9 6398.69 271653
34854.9 7719.69 271884
34854.9 7719.69 271560
35701.2 7761.76 272967
35017.2 7761.76 272967
35067.2 7956.76 272967
35067.2 7462.76 272967
35067.2 7761.76 273314
35067.2 7761.76 272870
36168.5 7807.35 274355
35238.5 7807.35 274355
35287.5 8107.35 274355
35287.5 7460.35 274355
35287.5 7807.35 274604
35287.5 7807.35 274072
36139.2 7852.53 275725
35451.2 7852.53 275725
35504.2 8049.53 275725
35504.2 7604.53 275725
35504.2 7852.53 276008
35504.2 7852.53 275629
36475.9 7898.5 277124
35678.9 7898.5 277124
35727.9 8099.5 277124
35727.9 7616.5 277124
35727.9 7898.5 277389
35727.9 7898.5 277041
36467 7910.39 277484
35733 7910.39 277484
35785 8258.39 277484
35785 7808.39 277484
35785 7910.39 277680
35785 7910.39 277401
37986.4 7914.41 277605
35761.4 7914.41 277605
35804.4 8262.41 277605
35804.4 7849.41 277605
35804.4 7914.41 277835
35804.4 7914.41 277511
36680.6 7960.62 279012
35991.6 7960.62 279012
36035.6 8307.62 279012
36035.6 7918.62 279012
36035.6 7960.62 279242
36035.6 7960.62 278746
36544.4 7964.92 279143
36013.4 7964.92 279143
36057.4 8295.92 279143
36057.4 7768.92 279143
36057.4 7964.92 279268
36057.4 7964.92 279023
36770.4 7964.92 279143
36003.4 7964.92 279143
36057.4 8312.92 279143
36057.4 7862.92 279143
36057.4 7964.92 279240
36057.4 7964.92 278993
37002.8 8027.5 281053
36319.8 8027.5 281053
36374.8 8375.5 281053
36374.8 7981.5 281053
36374.8 8027.5 281053
36374.8 8027.5 280755
37196.6 8071.33 282390
36545.6 8071.33 282390
36597.6 8387.33 282390
36597.6 7839.33 282390
36597.6 8071.33 282500
36597.6 8071.33 282043
37485.8 8120.49 283881
36793.8 8120.49 283881
36843.8 8703.49 283881
36843.8 8039.49 283881
36843.8 8120.49 284096
36843.8 8120.49 283599
37621.2 8167.18 285292
37022.2 8167.18 285292
37073.2 8467.18 285292
37073.2 8062.18 285292
37073.2 8167.18 285421
37073.2 8167.18 285119
39013.9 8210.33 286590
37180.9 8210.33 286590
37284.9 8546.33 286590
37284.9 8076.33 286590
37284.9 8210.33 286733
37284.9 8210.33 286291
38190.2 8255.58 287953
37452.2 8255.58 287953
37507.2 8463.58 287953
37507.2 7939.58 287953
37507.2 8255.58 288301
37507.2 8255.58 287846
39802.9 8312.94 289684
37730.9 8312.94 289684
37783.9 8660.94 289684
37783.9 8012.94 289684
37783.9 8312.94 289937
37783.9 8312.94 289487
40053.4 8364.1 291229
37975.4 8364.1 291229
38031.4 8569.1 291229
38031.4 8016.1 291229
38031.4 8364.1 291480
38031.4 8364.1 291031
40601.9 8427.96 293155
38279.9 8427.96 293155
38340.9 8693.96 293155
38340.9 8144.96 293155
38340.9 8427.96 293412
38340.9 8427.96 293148
39245.8 8475.45 294551
38505.8 8475.45 294551
38560.8 8811.45 294551
38560.8 8175.45 294551
38560.8 8475.45 294994
38560.8 8475.45 294547
39437.2 8528.21 296076
38741.2 8528.21 296076
38798.2 8810.21 296076
38798.2 8211.21 296076
38798.2 8528.21 296334
38798.2 8528.21 296073
39675.2 8569.35 297302
38917.2 8569.35 297302
38991.2 8908.35 297302
38991.2 8221.35 297302
38991.2 8569.35 297560
38991.2 8569.35 297299
39863.5 8615.82 298689
39124.5 8615.82 298689
39209.5 8897.82 298689
39209.5 8333.82 298689
39209.5 8615.82 299037
39209.5 8615.82 298686
41108.3 8675.1 300560
39448.3 8675.1 300560
39510.3 9151.1 300560
39510.3 8328.1 300560
39510.3 8675.1 300908
39510.3 8675.1 300557
40356.5 8719.75 302047
39701.5 8719.75 302047
39753.5 9001.75 302047
39753.5 8420.75 302047
39753.5 8719.75 302393
39753.5 8719.75 302044
40706.9 8767.5 303619
39941.9 8767.5 303619
40008.9 8999.5 303619
40008.9 8424.5 303619
40008.9 8767.5 303881
40008.9 8767.5 303615
40900.6 8812.04 305079
40140.6 8812.04 305079
40245.6 9159.04 305079
40245.6 8513.04 305079
40245.6 8812.04 305412
40245.6 8812.04 305076
