2073 0 0
-134 0 0
0 238 0
0 -202 0
0 0 359
0 0 -135
2088.72 0 0
-11.2808 0 0
87.7192 246 0
87.7192 -413 0
87.7192 0 211
87.7192 0 -55
2172.44 0 0
115.438 0 0
175.438 246 0
175.438 -151 0
175.438 0 218
175.438 0 -56
2330.16 0 0
147.158 0 0
263.158 173 0
263.158 -179 0
263.158 0 397
263.158 0 -152
2624.88 0 0
296.877 0 0
350.877 429 0
350.877 -251 0
350.877 0 115
350.877 0 -168
2438.6 0 0
376.596 0 0
438.596 245 0
438.596 -178 0
438.596 0 115
438.596 0 -148
2607.32 0 0
459.315 0 0
526.315 172 0
526.315 -235 0
526.315 0 117
526.315 0 -167
2612.03 0 0
562.034 0 0
614.034 240 0
614.034 -245 0
614.034 0 116
614.034 0 -149
2930.75 0 0
583.754 0 0
701.754 168 0
701.754 -183 0
701.754 0 151
701.754 0 -150
2787.47 0 0
738.473 0 0
789.473 244 0
789.473 -246 0
789.473 0 117
789.473 0 -147
2878.19 0 0
827.192 0 0
877.192 361 0
877.192 -240 0
877.192 0 119
877.192 0 -148
2964.91 0 0
909.911 0 0
964.911 171 0
964.911 -245 0
964.911 0 119
964.911 0 -379
3050.63 0 0
919.63 0 0
1052.63 431 0
1052.63 -182 0
1052.63 0 150
1052.63 0 -146
3142.35 0 0
1051.35 0 0
1140.35 235 0
1140.35 -186 0
1140.35 0 122
1140.35 0 -146
3271.07 0 0
1176.07 0 0
1228.07 245 0
1228.07 -245 0
1228.07 0 120
1228.07 0 -150
3316.79 0 0
1261.79 0 0
1315.79 410 0
1315.79 -243 0
1315.79 0 119
1315.79 0 -148
3403.51 0 0
1347.51 0 0
1403.51 246 0
1403.51 -245 0
1403.51 0 119
1403.51 0 -149
3489.23 0 0
1437.23 0 0
1491.23 246 0
1491.23 -246 0
1491.23 0 119
1491.23 0 -151
3597.95 0 0
1527.95 0 0
1578.95 172 0
1578.95 0 0
1578.95 0 118
1578.95 0 -150
3664.66 0 0
-446.335 0 0
1666.66 246 0
1666.66 0 0
1666.66 0 125
1666.66 0 -137
3755.38 0 0
-417.616 0 0
1754.38 236 0
1754.38 -172 0
1754.38 0 150
1754.38 0 -138
3845.1 0 0
-271.897 0 0
1842.1 245 0
1842.1 -245 0
1842.1 0 121
1842.1 0 -141
3927.82 0 0
1830.82 0 0
1929.82 181 0
1929.82 -184 0
1929.82 0 151
1929.82 0 -137
4019.54 0 0
1961.54 0 0
2017.54 218 0
2017.54 -246 0
2017.54 0 120
2017.54 0 -139
4104.26 0 0
1971.26 0 0
2105.26 357 0
2105.26 -176 0
2105.26 0 133
2105.26 0 -134
4194.98 0 0
20.98 0 0
2192.98 246 0
2192.98 -185 0
2192.98 0 151
2192.98 0 -126
4281.7 0 0
166.699 0 0
2280.7 245 0
2280.7 -219 0
2280.7 0 122
2280.7 0 -135
4366.42 0 0
179.418 0 0
2368.42 184 0
2368.42 -246 0
2368.42 0 121
2368.42 0 -167
4491.14 0 0
284.138 0 0
2456.14 399 0
2456.14 -170 0
2456.14 0 133
2456.14 0 -152
4546.86 0 0
399.857 0 0
2543.86 201 0
2543.86 -217 0
2543.86 0 134
2543.86 0 -151
4629.58 0 0
491.576 0 0
2631.58 246 0
2631.58 -167 0
2631.58 0 134
2631.58 0 -168
4717.3 0 0
2603.3 0 0
2719.3 183 0
2719.3 -170 0
2719.3 0 427
2719.3 0 -357
4807.01 0 0
694.014 0 0
2807.01 183 0
2807.01 -245 0
2807.01 0 128
2807.01 0 -135
4892.73 0 0
704.734 0 0
2894.73 614 0
2894.73 -245 0
2894.73 0 131
2894.73 0 -134
5047.45 0 0
870.453 0 0
2982.45 246 0
2982.45 -246 0
2982.45 0 129
2982.45 0 -150
5072.17 0 0
914.172 0 0
3070.17 193 0
3070.17 -160 0
3070.17 0 151
3070.17 0 -362
5235.89 0 0
1042.89 0 0
3157.89 189 0
3157.89 -236 0
3157.89 0 126
3157.89 0 -169
5244.61 0 0
1131.61 0 0
3245.61 246 0
3245.61 -245 0
3245.61 0 124
3245.61 0 -133
5336.33 0 0
1222.33 0 0
3333.33 184 0
3333.33 -170 0
3333.33 0 0
3333.33 0 -134
5421.05 0 0
1232.05 0 0
3421.05 393 0
3421.05 -218 0
3421.05 0 133
3421.05 0 -138
5507.77 0 0
1319.77 0 0
3508.77 235 0
3508.77 -161 0
3508.77 0 128
3508.77 0 -135
5599.49 0 0
1485.49 0 0
3596.49 193 0
3596.49 -157 0
3596.49 0 218
3596.49 0 -134
5802.21 0 0
1570.21 0 0
3684.21 190 0
3684.21 -296 0
3684.21 0 130
3684.21 0 -132
5853.93 0 0
1656.93 0 0
3771.93 266 0
3771.93 -285 0
3771.93 0 132
3771.93 0 -130
5953.64 0 0
1726.64 0 0
3859.64 286 0
3859.64 -169 0
3859.64 0 132
3859.64 0 -126
6077.36 0 0
1814.36 0 0
3947.36 226 0
3947.36 -285 0
3947.36 0 133
3947.36 0 -248
6113.08 0 0
1652.08 0 0
4035.08 269 0
4035.08 -171 0
4035.08 0 131
4035.08 0 -130
6217.8 0 0
2007.8 0 0
4122.8 297 0
4122.8 -291 0
4122.8 0 130
4122.8 0 -294
6340.52 0 0
2079.52 0 0
4210.52 297 0
4210.52 -285 0
4210.52 0 126
4210.52 0 -135
6376.24 0 0
1907.24 0 0
4298.24 292 0
4298.24 -283 0
4298.24 0 130
4298.24 0 -122
6389.96 0 0
2270.96 0 0
4385.96 186 0
4385.96 -228 0
4385.96 0 147
4385.96 0 -131
6601.68 0 0
2359.68 0 0
4473.68 296 0
4473.68 -251 0
4473.68 0 133
4473.68 0 -129
6592.4 0 0
2429.4 0 0
4561.4 284 0
4561.4 -297 0
4561.4 0 320
4561.4 0 -119
6692.12 0 0
2528.12 0 0
4649.12 298 0
4649.12 -285 0
4649.12 0 131
4649.12 0 -129
6849.84 0 0
2621.84 0 0
4736.84 269 0
4736.84 -284 0
4736.84 0 131
4736.84 0 -130
6937.56 0 0
2710.56 0 0
4824.56 297 0
4824.56 -268 0
4824.56 0 129
4824.56 0 -1075
6991.28 0 0
2781.28 0 0
4912.28 285 0
4912.28 -291 0
4912.28 0 316
4912.28 0 -133
7061.99 0 0
2867.99 0 0
4999.99 316 0
4999.99 -285 0
4999.99 0 134
4999.99 0 -147
7086.71 0 0
2212.71 0 0
5087.71 234 0
5087.71 -198 0
5087.71 0 132
5087.71 0 -128
7173.43 0 0
3023.43 0 0
5175.43 297 0
5175.43 -233 0
5175.43 0 130
5175.43 0 -182
8175.15 0 0
3131.15 0 0
5263.15 216 0
5263.15 -266 0
5263.15 0 128
5263.15 0 -134
7395.87 0 0
3117.87 0 0
5350.87 218 0
5350.87 -284 0
5350.87 0 127
5350.87 0 -136
7486.59 0 0
3323.59 0 0
5438.59 268 0
5438.59 -285 0
5438.59 0 130
5438.59 0 -133
7655.31 0 0
3415.31 0 0
5526.31 297 0
5526.31 -298 0
5526.31 0 126
5526.31 0 -311
7657.03 0 0
3483.03 0 0
5614.03 268 0
5614.03 -297 0
5614.03 0 128
5614.03 0 -136
8015.75 0 0
3570.75 0 0
5701.75 184 0
5701.75 -297 0
5701.75 0 192
5701.75 0 -136
7787.47 0 0
3459.47 0 0
5789.47 296 0
5789.47 -284 0
5789.47 0 129
5789.47 0 -250
7910.19 0 0
3766.19 0 0
5877.19 268 0
5877.19 -285 0
5877.19 0 126
5877.19 0 -134
8059.91 0 0
3851.91 0 0
5964.91 297 0
5964.91 -299 0
5964.91 0 128
5964.91 0 -309
8181.62 0 0
3868.62 0 0
6052.62 285 0
6052.62 -234 0
6052.62 0 130
6052.62 0 -134
8220.34 0 0
6085.34 0 0
6140.34 296 0
6140.34 -268 0
6140.34 0 131
6140.34 0 -219
8322.06 0 0
4116.06 0 0
6228.06 285 0
6228.06 -297 0
6228.06 0 128
6228.06 0 -132
8365.78 0 0
4182.78 0 0
6315.78 227 0
6315.78 -296 0
6315.78 0 127
6315.78 0 -134
8401.5 0 0
4291.5 0 0
6403.5 295 0
6403.5 -296 0
6403.5 0 127
6403.5 0 -167
8620.22 0 0
4377.22 0 0
6491.22 268 0
6491.22 -235 0
6491.22 0 131
6491.22 0 -135
8605.94 0 0
4464.94 0 0
6578.94 297 0
6578.94 -268 0
6578.94 0 133
6578.94 0 -133
8806.66 0 0
6606.66 0 0
6666.66 269 0
6666.66 -267 0
6666.66 0 132
6666.66 0 -133
8756.38 0 0
6408.38 0 0
6754.38 251 0
6754.38 -285 0
6754.38 0 133
6754.38 0 -131
8906.1 0 0
4728.1 0 0
6842.1 200 0
6842.1 -283 0
6842.1 0 131
6842.1 0 -134
8932.82 0 0
4815.82 0 0
6929.82 284 0
6929.82 -292 0
6929.82 0 129
6929.82 0 -134
9077.54 0 0
6955.54 0 0
7017.54 267 0
7017.54 -296 0
7017.54 0 130
7017.54 0 -138
9233.26 0 0
7044.26 0 0
7105.26 297 0
7105.26 -284 0
7105.26 0 132
7105.26 0 -135
9237.97 0 0
7132.97 0 0
7192.97 201 0
7192.97 -200 0
7192.97 0 131
7192.97 0 -132
9379.69 0 0
7175.69 0 0
7280.69 268 0
7280.69 -251 0
7280.69 0 128
7280.69 0 -133
9434.41 0 0
7256.41 0 0
7368.41 296 0
7368.41 -267 0
7368.41 0 129
7368.41 0 -134
9501.13 0 0
5070.13 0 0
7456.13 251 0
7456.13 -285 0
7456.13 0 131
7456.13 0 -141
9669.85 0 0
7488.85 0 0
7543.85 283 0
7543.85 -284 0
7543.85 0 132
7543.85 0 -134
9629.57 0 0
7518.57 0 0
7631.57 285 0
7631.57 -420 0
7631.57 0 136
7631.57 0 -133
9814.29 0 0
7406.29 0 0
7719.29 285 0
7719.29 -235 0
7719.29 0 132
7719.29 0 -134
9820.01 0 0
7697.01 0 0
7807.01 296 0
7807.01 -296 0
7807.01 0 131
7807.01 0 -134
10054.7 0 0
5781.73 0 0
7894.73 207 0
7894.73 -198 0
7894.73 0 131
7894.73 0 -300
9983.45 0 0
5871.45 0 0
7982.45 337 0
7982.45 -299 0
7982.45 0 198
7982.45 0 -198
10097.2 0 0
5959.17 0 0
8070.17 299 0
8070.17 -344 0
8070.17 0 130
8070.17 0 -216
10305.9 0 0
6024.89 0 0
8157.89 347 0
8157.89 -299 0
8157.89 0 206
8157.89 0 -136
10243.6 0 0
6133.6 0 0
8245.6 207 0
8245.6 -348 0
8245.6 0 128
8245.6 0 -232
10335.3 0 0
6223.32 0 0
8333.32 335 0
8333.32 -347 0
8333.32 0 130
8333.32 0 -248
10422 0 0
6309.04 0 0
8421.04 331 0
8421.04 -223 0
8421.04 0 281
8421.04 0 -138
10522.8 0 0
6394.76 0 0
8508.76 348 0
8508.76 -215 0
8508.76 0 198
8508.76 0 -231
10624.5 0 0
6486.48 0 0
8596.48 198 0
8596.48 -232 0
8596.48 0 198
8596.48 0 -136
10949.2 0 0
6574.2 0 0
8684.2 317 0
8684.2 -282 0
8684.2 0 465
8684.2 0 -299
10774.9 0 0
6658.92 0 0
8771.92 255 0
8771.92 -347 0
8771.92 0 136
8771.92 0 -300
10990.6 0 0
6745.64 0 0
8859.64 347 0
8859.64 -299 0
8859.64 0 232
8859.64 0 -299
11027.4 0 0
6837.36 0 0
8947.36 299 0
8947.36 -207 0
8947.36 0 196
8947.36 0 -206
11036.1 0 0
6902.08 0 0
9035.08 347 0
9035.08 -332 0
9035.08 0 206
9035.08 0 -124
11121.8 0 0
7009.8 0 0
9122.8 205 0
9122.8 -348 0
9122.8 0 135
9122.8 0 -249
11274.5 0 0
7096.52 0 0
9210.52 300 0
9210.52 -336 0
9210.52 0 137
9210.52 0 -215
11363.2 0 0
7175.24 0 0
9298.24 348 0
9298.24 -300 0
9298.24 0 142
9298.24 0 -136
11388 0 0
7275.95 0 0
9385.95 206 0
9385.95 -347 0
9385.95 0 141
9385.95 0 -213
11471.7 0 0
7360.67 0 0
9473.67 241 0
9473.67 -348 0
9473.67 0 140
9473.67 0 -74
11627.4 0 0
7449.39 0 0
9561.39 299 0
9561.39 0 0
9561.39 0 142
9561.39 0 -206
11709.1 0 0
7539.11 0 0
9649.11 196 0
9649.11 -343 0
9649.11 0 140
9649.11 0 -133
11765.8 0 0
7464.83 0 0
9736.83 348 0
9736.83 -347 0
9736.83 0 142
9736.83 0 -132
11822.6 0 0
7711.55 0 0
9824.55 299 0
9824.55 -333 0
9824.55 0 0
9824.55 0 -198
11914.3 0 0
7781.27 0 0
9912.27 299 0
9912.27 -347 0
9912.27 0 138
9912.27 0 -197
12000 0 0
7886.99 0 0
9999.99 333 0
9999.99 -348 0
9999.99 0 140
9999.99 0 -214
12164.7 0 0
7974.71 0 0
10087.7 349 0
10087.7 -347 0
10087.7 0 143
10087.7 0 -134
13238.4 0 0
8066.43 0 0
10175.4 190 0
10175.4 -348 0
10175.4 0 142
10175.4 0 -265
12264.1 0 0
8153.15 0 0
10263.1 348 0
10263.1 -299 0
10263.1 0 198
10263.1 0 -214
12395.9 0 0
8236.87 0 0
10350.9 317 0
10350.9 -334 0
10350.9 0 197
10350.9 0 -249
12786.6 0 0
8325.58 0 0
10438.6 316 0
10438.6 -299 0
10438.6 0 173
10438.6 0 -300
12525.3 0 0
8416.3 0 0
10526.3 205 0
10526.3 -347 0
10526.3 0 142
10526.3 0 -231
12661 0 0
8504.02 0 0
10614 343 0
10614 -316 0
10614 0 215
10614 0 -134
12711.7 0 0
8588.74 0 0
10701.7 347 0
10701.7 -282 0
10701.7 0 142
10701.7 0 -133
13815.5 0 0
8676.46 0 0
10789.5 240 0
10789.5 -348 0
10789.5 0 143
10789.5 0 -300
12940.2 0 0
8767.18 0 0
10877.2 299 0
10877.2 -238 0
10877.2 0 195
10877.2 0 -206
12965.9 0 0
8854.9 0 0
10964.9 348 0
10964.9 -347 0
10964.9 0 197
10964.9 0 -120
13368.6 0 0
8939.62 0 0
11052.6 300 0
11052.6 -347 0
11052.6 0 143
11052.6 0 -282
13137.3 0 0
9030.34 0 0
11140.3 300 0
11140.3 -299 0
11140.3 0 0
11140.3 0 -215
13229.1 0 0
9119.06 0 0
11228.1 340 0
11228.1 -349 0
11228.1 0 142
11228.1 0 -231
13313.8 0 0
9205.78 0 0
11315.8 346 0
11315.8 -299 0
11315.8 0 232
11315.8 0 -197
13482.5 0 0
9290.5 0 0
11403.5 348 0
11403.5 -348 0
11403.5 0 142
11403.5 0 -133
14607.2 0 0
9382.22 0 0
11491.2 341 0
11491.2 -348 0
11491.2 0 143
11491.2 0 -282
13606.9 0 0
9469.93 0 0
11578.9 299 0
11578.9 -341 0
11578.9 0 142
11578.9 0 -206
13673.7 0 0
9553.65 0 0
11666.7 348 0
11666.7 -348 0
11666.7 0 142
11666.7 0 -133
13751.4 0 0
9641.37 0 0
11754.4 340 0
11754.4 -253 0
11754.4 0 143
11754.4 0 -131
13838.1 0 0
9733.09 0 0
11842.1 300 0
11842.1 -343 0
11842.1 0 141
11842.1 0 -213
13935.8 0 0
9797.81 0 0
11929.8 299 0
11929.8 -348 0
11929.8 0 143
11929.8 0 -299
14015.5 0 0
9904.53 0 0
12017.5 340 0
12017.5 -299 0
12017.5 0 331
12017.5 0 -131
14101.2 0 0
9816.25 0 0
12105.2 348 0
12105.2 -239 0
12105.2 0 282
12105.2 0 -195
14222 0 0
10061 0 0
12193 347 0
12193 -347 0
12193 0 142
12193 0 -131
14281.7 0 0
9979.69 0 0
12280.7 332 0
12280.7 -299 0
12280.7 0 282
12280.7 0 -213
14380.4 0 0
10255.4 0 0
12368.4 316 0
12368.4 -222 0
12368.4 0 232
12368.4 0 -222
14485.1 0 0
12400.1 0 0
12456.1 214 0
12456.1 -347 0
12456.1 0 141
12456.1 0 -133
14597.8 0 0
10434.8 0 0
12543.8 300 0
12543.8 -344 0
12543.8 0 141
12543.8 0 -248
14629.6 0 0
10503.6 0 0
12631.6 348 0
12631.6 -334 0
12631.6 0 140
12631.6 0 -133
14716.3 0 0
10587.3 0 0
12719.3 298 0
12719.3 -347 0
12719.3 0 140
12719.3 0 -248
14808 0 0
10698 0 0
12807 348 0
12807 -299 0
12807 0 232
12807 0 -265
14973.7 0 0
12840.7 0 0
12894.7 333 0
12894.7 -156 0
12894.7 0 143
12894.7 0 -206
14984.4 0 0
10869.4 0 0
12982.4 350 0
12982.4 -157 0
12982.4 0 142
12982.4 0 -317
15164.2 0 0
10961.2 0 0
13070.2 348 0
13070.2 -346 0
13070.2 0 197
13070.2 0 -132
15290.9 0 0
11026.9 0 0
13157.9 316 0
13157.9 -158 0
13157.9 0 143
13157.9 0 -283
15244.6 0 0
11133.6 0 0
13245.6 347 0
13245.6 -300 0
13245.6 0 232
13245.6 0 -214
15428.3 0 0
11221.3 0 0
13333.3 333 0
13333.3 0 0
13333.3 0 143
13333.3 0 -207
15451 0 0
11312 0 0
13421 299 0
13421 -334 0
13421 0 142
13421 0 -216
15768.8 0 0
11375.8 0 0
13508.8 348 0
13508.8 -215 0
13508.8 0 415
13508.8 0 -300
15695.5 0 0
11484.5 0 0
13596.5 437 0
13596.5 -348 0
13596.5 0 145
13596.5 0 -130
15681.2 0 0
11575.2 0 0
13684.2 348 0
13684.2 -347 0
13684.2 0 145
13684.2 0 -265
15848.9 0 0
11662.9 0 0
13771.9 346 0
13771.9 -339 0
13771.9 0 248
13771.9 0 -132
16170.6 0 0
11728.6 0 0
13859.6 300 0
13859.6 -347 0
13859.6 0 144
13859.6 0 -299
15943.4 0 0
11830.4 0 0
13947.4 342 0
13947.4 -348 0
13947.4 0 143
13947.4 0 -265
16112.1 0 0
11746.1 0 0
14035.1 282 0
14035.1 -333 0
14035.1 0 282
14035.1 0 -205
16182.8 0 0
11989.8 0 0
14122.8 347 0
14122.8 -282 0
14122.8 0 141
14122.8 0 -132
16207.5 0 0
12098.5 0 0
14210.5 207 0
14210.5 -348 0
14210.5 0 142
14210.5 0 -197
16294.2 0 0
12186.2 0 0
14298.2 347 0
14298.2 -222 0
14298.2 0 232
14298.2 0 -300
16434.9 0 0
12276.9 0 0
14385.9 316 0
14385.9 -348 0
14385.9 0 197
14385.9 0 -214
16773.7 0 0
12341.7 0 0
14473.7 299 0
14473.7 -333 0
14473.7 0 337
14473.7 0 -282
16562.4 0 0
12449.4 0 0
14561.4 0 0
14561.4 -2133 0
14561.4 0 2133
14561.4 0 -127
16645.1 0 0
12536.1 0 0
14649.1 580 0
14649.1 -2022 0
14649.1 0 2132
14649.1 0 -232
16732.8 0 0
12624.8 0 0
14736.8 2119 0
14736.8 -2061 0
14736.8 0 2044
14736.8 0 -215
16836.5 0 0
14790.5 0 0
14824.5 2248 0
14824.5 -2040 0
14824.5 0 2046
14824.5 0 -70
16908.3 0 0
14844.3 0 0
14912.3 2332 0
14912.3 -1698 0
14912.3 0 2050
14912.3 0 -6
17079 0 0
14950 0 0
15000 2066 0
15000 -29 0
15000 0 2042
15000 0 -3
17093.7 0 0
15027.7 0 0
15087.7 2040 0
15087.7 -29 0
15087.7 0 2125
15087.7 0 -3
