2022-09-25
7192.62 -1.47242 356.642
-144.376 -1.47242 356.642
-110.376 238.528 356.642
-110.376 -204.472 356.642
-110.376 -1.47242 4051.64
-110.376 -1.47242 351.642
7261.48 -23.2269 531.286
-260.516 -23.2269 531.286
-126.516 218.773 531.286
-126.516 -228.227 531.286
-126.516 -23.2269 4269.29
-126.516 -23.2269 526.286
7129.98 -69.3097 756.341
-357.015 -69.3097 756.341
-122.015 169.69 756.341
-122.015 -268.31 756.341
-122.015 -69.3097 1004.34
-122.015 -69.3097 751.341
7124.85 -100.025 972.13
-354.151 -100.025 972.13
-117.151 139.975 972.13
-117.151 -336.025 972.13
-117.151 -100.025 1218.13
-117.151 -100.025 967.13
3716.68 -131.075 1272.31
-211.318 -131.075 1272.31
-114.318 115.925 1272.31
-114.318 -332.075 1272.31
-114.318 -131.075 5009.31
-114.318 -131.075 1266.31
7174.61 -169.876 1579.23
-310.386 -169.876 1579.23
-73.3864 71.1242 1579.23
-73.3864 -366.876 1579.23
-73.3864 -169.876 1824.23
-73.3864 -169.876 1575.23
7299.39 -224.582 1991.24
-132.607 -224.582 1991.24
2.39265 16.4178 1991.24
2.39265 -420.582 1991.24
2.39265 -224.582 5773.24
2.39265 -224.582 1985.24
7292.77 -249.963 2347.95
-136.228 -249.963 2347.95
-0.227815 -2.96265 2347.95
-0.227815 -453.963 2347.95
-0.227815 -249.963 6117.95
-0.227815 -249.963 2341.95
7379.09 -350.046 3008.4
-1.91136 -350.046 3008.4
134.089 -103.046 3008.4
134.089 -552.046 3008.4
134.089 -350.046 6813.4
134.089 -350.046 3003.4
7487.73 -412.729 3641.55
73.7289 -412.729 3641.55
210.729 -171.729 3641.55
210.729 -616.729 3641.55
210.729 -412.729 7359.55
210.729 -412.729 3635.55
7491.78 -414.927 4292.17
42.7834 -414.927 4292.17
179.783 -173.927 4292.17
179.783 -615.927 4292.17
179.783 -414.927 7984.17
179.783 -414.927 4287.17
7638.13 -434.912 4830.9
63.1314 -434.912 4830.9
200.131 -186.912 4830.9
200.131 -631.912 4830.9
200.131 -434.912 8559.9
200.131 -434.912 4824.9
7712.76 -539.207 5662.68
263.763 -539.207 5662.68
401.763 -299.207 5662.68
401.763 -746.207 5662.68
401.763 -539.207 9361.68
401.763 -539.207 5656.68
7878.1 -628.948 6353
343.098 -628.948 6353
578.098 -389.948 6353
578.098 -869.948 6353
578.098 -628.948 6599
578.098 -628.948 6347
4546.51 -703.099 7063.94
484.509 -703.099 7063.94
719.509 -453.099 7063.94
719.509 -938.099 7063.94
719.509 -703.099 7308.94
719.509 -703.099 7057.94
8117.76 -764.713 8024.88
673.765 -764.713 8024.88
824.765 -528.713 8024.88
824.765 -963.713 8024.88
824.765 -764.713 11726.9
824.765 -764.713 8018.88
8063.55 -791.311 8918.2
614.546 -791.311 8918.2
854.546 -551.311 8918.2
854.546 -1036.31 8918.2
854.546 -791.311 9163.2
854.546 -791.311 8914.2
4750.01 -834.973 9738.47
686.012 -834.973 9738.47
927.012 -594.973 9738.47
927.012 -1073.97 9738.47
927.012 -834.973 9982.47
927.012 -834.973 9732.47
4786.02 -862.477 10423.5
721.015 -862.477 10423.5
968.015 -616.477 10423.5
968.015 -1102.48 10423.5
968.015 -862.477 10667.5
968.015 -862.477 10417.5
8244.74 -912.675 11574.4
972.744 -912.675 11574.4
1051.74 -668.675 11574.4
1051.74 -1111.67 11574.4
1051.74 -912.675 15334.4
1051.74 -912.675 11568.4
8398.54 -922.552 12764.4
949.544 -922.552 12764.4
1060.54 -684.552 12764.4
1060.54 -1124.55 12764.4
1060.54 -922.552 16492.4
1060.54 -922.552 12759.4
8356.63 -909.431 13834.2
991.634 -909.431 13834.2
1031.63 -791.431 13834.2
1031.63 -1150.43 13834.2
1031.63 -909.431 14084.2
1031.63 -909.431 13741.2
1234.75 -934.075 15156
-2660.25 -934.075 15156
1080.75 -819.075 15156
1080.75 -4708.08 15156
1080.75 -934.075 18906
1080.75 -934.075 15078
1159.8 -953.744 15762.8
1061.8 -953.744 15762.8
1121.8 -838.744 15762.8
1121.8 -1097.74 15762.8
1121.8 -953.744 15833.8
1121.8 -953.744 15759.8
1196.18 -969.284 16785.4
-2850.82 -969.284 16785.4
1158.18 -854.284 16785.4
1158.18 -1111.28 16785.4
1158.18 -969.284 16856.4
1158.18 -969.284 16781.4
1186.81 -956.928 17628.2
-2843.19 -956.928 17628.2
1148.81 -843.928 17628.2
1148.81 -1100.93 17628.2
1148.81 -956.928 17699.2
1148.81 -956.928 17625.2
1129.45 -913.334 18851
-2889.55 -913.334 18851
1091.45 -799.334 18851
1091.45 -1055.33 18851
1091.45 -913.334 18921
1091.45 -913.334 18848
1100.92 -890.017 19934.7
-2900.08 -890.017 19934.7
1062.92 -775.017 19934.7
1062.92 -1032.02 19934.7
1062.92 -890.017 20004.7
1062.92 -890.017 19932.7
1123.15 -904.043 20880.4
-2721.85 -904.043 20880.4
1085.15 -790.043 20880.4
1085.15 -1046.04 20880.4
1085.15 -904.043 20950.4
1085.15 -904.043 20877.4
1354.15 -1068.49 22352.4
-2831.85 -1068.49 22352.4
1316.15 -952.493 22352.4
1316.15 -1213.49 22352.4
1316.15 -1068.49 22423.4
1316.15 -1068.49 22349.4
1513.63 -1193.61 23618.6
-2607.37 -1193.61 23618.6
1474.63 -1073.61 23618.6
1474.63 -1337.61 23618.6
1474.63 -1193.61 23688.6
1474.63 -1193.61 23615.6
1576.08 -1253.82 24683
-2592.92 -1253.82 24683
1537.08 -1139.82 24683
1537.08 -1395.82 24683
1537.08 -1253.82 24754
1537.08 -1253.82 24678
1577.18 -1296.41 26681.4
-2573.82 -1296.41 26681.4
1538.18 -1182.41 26681.4
1538.18 -1438.41 26681.4
1538.18 -1296.41 26751.4
1538.18 -1296.41 26677.4
1631.21 -1363.86 28251.6
-2504.79 -1363.86 28251.6
1592.21 -1248.86 28251.6
1592.21 -1505.86 28251.6
1592.21 -1363.86 28321.6
1592.21 -1363.86 28248.6
1685.27 -1415.15 29141.8
-2514.73 -1415.15 29141.8
1646.27 -1301.15 29141.8
1646.27 -1558.15 29141.8
1646.27 -1415.15 29211.8
1646.27 -1415.15 29138.8
1801.02 -1504.53 30326.1
-2403.98 -1504.53 30326.1
1763.02 -1390.53 30326.1
1763.02 -1647.53 30326.1
1763.02 -1504.53 30397.1
1763.02 -1504.53 30323.1
1905.32 -1596.24 31760.9
1753.32 -1596.24 31760.9
1866.32 -1480.24 31760.9
1866.32 -1740.24 31760.9
1866.32 -1596.24 31831.9
1866.32 -1596.24 31757.9
1950.26 -1642.8 32651.5
1880.26 -1642.8 32651.5
1911.26 -1528.8 32651.5
1911.26 -1788.8 32651.5
1911.26 -1642.8 32721.5
1911.26 -1642.8 32648.5
