2022-09-25
2010.59 8.89164 57.2633
-2085.41 8.89164 57.2633
19.5862 2039.89 57.2633
19.5862 -141.108 57.2633
19.5862 8.89164 2099.26
19.5862 8.89164 52.2633
2021.17 13.5723 103.33
-2135.83 13.5723 103.33
28.1664 2082.57 103.33
28.1664 -96.4277 103.33
28.1664 13.5723 2144.33
28.1664 13.5723 -2035.67
2060.34 18.4914 153.069
-20.6572 18.4914 153.069
32.3428 2049.49 153.069
32.3428 -2097.51 153.069
32.3428 18.4914 2194.07
32.3428 18.4914 124.069
2031.51 24.8087 214.155
-2071.49 24.8087 214.155
37.5079 2056.81 214.155
37.5079 -254.191 214.155
37.5079 24.8087 2255.16
37.5079 24.8087 85.1553
2041.4 32.9333 290.089
-2056.6 32.9333 290.089
46.3957 2064.93 290.089
46.3957 -217.067 290.089
46.3957 32.9333 2328.09
46.3957 32.9333 61.0891
2048.26 43.1213 370.034
-2049.74 43.1213 370.034
53.2638 2074.12 370.034
53.2638 -269.879 370.034
53.2638 43.1213 2461.03
53.2638 43.1213 237.034
2189.3 52.1972 444.566
-1886.7 52.1972 444.566
59.2987 2174.2 444.566
59.2987 -260.803 444.566
59.2987 52.1972 577.566
59.2987 52.1972 308.566
2073.17 65.0558 617.229
-2128.83 65.0558 617.229
81.1687 378.056 617.229
81.1687 -155.944 617.229
81.1687 65.0558 617.229
81.1687 65.0558 327.229
2104.31 69.287 800.108
-52.6913 69.287 800.108
112.309 69.287 800.108
112.309 -245.713 800.108
112.309 69.287 901.108
112.309 69.287 488.108
2120.16 71.9818 877.339
-62.8426 71.9818 877.339
125.157 141.982 877.339
125.157 -221.018 877.339
125.157 71.9818 992.339
125.157 71.9818 563.339
2153.89 81.8837 1089.13
102.892 81.8837 1089.13
161.892 137.884 1089.13
161.892 -231.116 1089.13
161.892 81.8837 1408.13
161.892 81.8837 1089.13
2217.29 89.2587 1191.25
128.294 89.2587 1191.25
179.294 166.259 1191.25
179.294 -223.741 1191.25
179.294 89.2587 1503.25
179.294 89.2587 1092.25
2193.34 97.1385 1296.42
0.336029 97.1385 1296.42
197.336 207.138 1296.42
197.336 -134.862 1296.42
197.336 97.1385 1609.42
197.336 97.1385 1191.42
2210.99 112.857 1415.78
-1886.01 112.857 1415.78
216.988 260.857 1415.78
216.988 -161.143 1415.78
216.988 112.857 1728.78
216.988 112.857 1308.78
2231.84 133.955 1541.81
-1970.16 133.955 1541.81
236.842 446.955 1541.81
236.842 -5.04524 1541.81
236.842 133.955 1773.81
236.842 133.955 1327.81
2248.39 159.066 1669.95
-1961.61 159.066 1669.95
256.387 610.066 1669.95
256.387 58.0663 1669.95
256.387 159.066 1940.95
256.387 159.066 1557.95
2305.85 188.007 1809.22
-2130.15 188.007 1809.22
276.846 455.007 1809.22
276.846 112.007 1809.22
276.846 188.007 1953.22
276.846 188.007 1690.22
2414.71 220.933 1972.08
-1803.29 220.933 1972.08
299.706 534.933 1972.08
299.706 153.933 1972.08
299.706 220.933 2083.08
299.706 220.933 1829.08
2320.16 252.942 2128.97
-1784.84 252.942 2128.97
321.156 566.942 2128.97
321.156 84.942 2128.97
321.156 252.942 2219.97
321.156 252.942 1891.97
2360.55 331.135 2489.39
369.548 331.135 2489.39
369.548 644.135 2489.39
369.548 264.135 2489.39
369.548 331.135 2577.39
369.548 331.135 2271.39
2492.97 361.223 2644.19
335.971 361.223 2644.19
391.971 676.223 2644.19
391.971 292.223 2644.19
391.971 361.223 2729.19
391.971 361.223 2408.19
2505.59 405.363 2838
-1711.41 405.363 2838
417.594 771.363 2838
417.594 338.363 2838
417.594 405.363 2928
417.594 405.363 2475
2504.98 437.138 3015.55
378.981 437.138 3015.55
444.981 802.138 3015.55
444.981 366.138 3015.55
444.981 437.138 3129.55
444.981 437.138 2704.55
2678.71 470.37 3179.62
418.714 470.37 3179.62
469.714 835.37 3179.62
469.714 181.37 3179.62
469.714 470.37 3323.62
469.714 470.37 2869.62
2488.22 512.157 3362.16
442.216 512.157 3362.16
496.216 877.157 3362.16
496.216 306.157 3362.16
496.216 512.157 3686.16
496.216 512.157 3254.16
2522.06 552.249 3529.6
471.059 552.249 3529.6
520.059 916.249 3529.6
520.059 245.249 3529.6
520.059 552.249 3893.6
520.059 552.249 3426.6
2667.84 585.329 3702.03
495.839 585.329 3702.03
546.839 892.329 3702.03
546.839 277.329 3702.03
546.839 585.329 4060.03
546.839 585.329 3518.03
2714.73 621.034 3906.1
-1526.27 621.034 3906.1
579.728 986.034 3906.1
579.728 310.034 3906.1
579.728 621.034 4162.1
579.728 621.034 3619.1
2745.55 661.903 4139.37
-1484.45 661.903 4139.37
617.546 973.903 4139.37
617.546 187.903 4139.37
617.546 661.903 4379.37
617.546 661.903 3953.37
2655.27 703.501 4347.78
426.273 703.501 4347.78
649.273 773.501 4347.78
649.273 338.501 4347.78
649.273 703.501 4478.78
649.273 703.501 4217.78
2768.31 747.819 4552.16
619.306 747.819 4552.16
679.306 809.819 4552.16
679.306 382.819 4552.16
679.306 747.819 4647.16
679.306 747.819 4291.16
2707.36 802.304 4789.24
656.361 802.304 4789.24
713.361 870.304 4789.24
713.361 439.304 4789.24
713.361 802.304 4867.24
713.361 802.304 4423.24
2900.08 846.743 4986.84
690.08 846.743 4986.84
742.08 914.743 4986.84
742.08 539.743 4986.84
742.08 846.743 5225.84
742.08 846.743 4679.84
2885.79 911.418 5249.76
-1325.21 911.418 5249.76
778.792 982.418 5249.76
778.792 547.418 5249.76
778.792 911.418 5471.76
778.792 911.418 4885.76
3176.99 961.469 5460.11
752.993 961.469 5460.11
808.993 1029.47 5460.11
808.993 653.469 5460.11
808.993 961.469 5732.11
808.993 961.469 5166.11
2952.93 1007.08 5676.13
587.929 1007.08 5676.13
841.929 1074.08 5676.13
841.929 642.081 5676.13
841.929 1007.08 5764.13
841.929 1007.08 5312.13
2922.94 1065.75 5927.9
-1224.06 1065.75 5927.9
878.945 1131.75 5927.9
878.945 506.748 5927.9
878.945 1065.75 6148.9
878.945 1065.75 5723.9
2986.46 1118.86 6146.32
686.458 1118.86 6146.32
910.458 1192.86 6146.32
910.458 754.862 6146.32
910.458 1118.86 6291.32
910.458 1118.86 6003.32
3058.18 1172.47 6386.38
711.185 1172.47 6386.38
946.185 1261.47 6386.38
946.185 866.465 6386.38
946.185 1172.47 6751.38
946.185 1172.47 6185.38
3141.14 1242.72 6666.65
-1145.86 1242.72 6666.65
985.141 1361.72 6666.65
985.141 935.723 6666.65
985.141 1242.72 6972.65
985.141 1242.72 6360.65
3123.86 1322.39 6983.83
-1072.14 1322.39 6983.83
1028.86 1632.39 6983.83
1028.86 1119.39 6983.83
1028.86 1322.39 7236.83
1028.86 1322.39 6799.83
3126.66 1395.2 7298.44
-1061.34 1395.2 7298.44
1073.66 1760.2 7298.44
1073.66 1283.2 7298.44
1073.66 1395.2 7604.44
1073.66 1395.2 7189.44
3107.91 1460.01 7597.91
-1117.09 1460.01 7597.91
1116.91 1766.01 7597.91
1116.91 1225.01 7597.91
1116.91 1460.01 7740.91
1116.91 1460.01 7308.91
3330.01 1525.1 7886.62
-1076.99 1525.1 7886.62
1157.01 1998.1 7886.62
1157.01 1458.1 7886.62
1157.01 1525.1 7998.62
1157.01 1525.1 7579.62
3186.98 1593.89 8158.52
1132.98 1593.89 8158.52
1191.98 1958.89 8158.52
1191.98 1524.89 8158.52
1191.98 1593.89 8420.52
1191.98 1593.89 7873.52
3219.16 1671.82 8449.77
1183.16 1671.82 8449.77
1228.16 2151.82 8449.77
1228.16 1603.82 8449.77
1228.16 1671.82 8533.77
1228.16 1671.82 8157.77
3257.11 1741.36 8740.9
1220.11 1741.36 8740.9
1266.11 2051.36 8740.9
1266.11 1675.36 8740.9
1266.11 1741.36 8982.9
1266.11 1741.36 8376.9
3414.35 1802.16 9021.07
1253.35 1802.16 9021.07
1304.35 2110.16 9021.07
1304.35 1737.16 9021.07
1304.35 1802.16 9111.07
1304.35 1802.16 8661.07
3492.32 1863.71 9275.21
1266.32 1863.71 9275.21
1338.32 2228.71 9275.21
1338.32 1799.71 9275.21
1338.32 1863.71 9379.21
1338.32 1863.71 8969.21
3593.74 1946.26 9617.94
-850.259 1946.26 9617.94
1383.74 2256.26 9617.94
1383.74 1710.26 9617.94
1383.74 1946.26 9754.94
1383.74 1946.26 9307.94
3582.9 2023.21 9951.33
-1005.1 2023.21 9951.33
1427.9 2386.21 9951.33
1427.9 1717.21 9951.33
1427.9 2023.21 10258.3
1427.9 2023.21 9644.33
3589.46 2092.96 10312.7
-626.54 2092.96 10312.7
1478.46 2403.96 10312.7
1478.46 1728.96 10312.7
1478.46 2092.96 10676.7
1478.46 2092.96 10095.7
3522.08 2170.7 10704.2
-669.92 2170.7 10704.2
1531.08 2309.7 10704.2
1531.08 1806.7 10704.2
1531.08 2170.7 11061.2
1531.08 2170.7 10593.2
3786.93 2245.22 11081.3
-521.068 2245.22 11081.3
1579.93 2336.22 11081.3
1579.93 1951.22 11081.3
1579.93 2245.22 11307.3
1579.93 2245.22 10754.3
3678.11 2326.42 11448.7
-480.895 2326.42 11448.7
1623.11 2399.42 11448.7
1623.11 1476.42 11448.7
1623.11 2326.42 11673.7
1623.11 2326.42 11186.7
3666.49 2404.64 11828.2
-561.508 2404.64 11828.2
1669.49 2465.64 11828.2
1669.49 2111.64 11828.2
1669.49 2404.64 11919.2
1669.49 2404.64 11532.2
3708.13 2492.79 12231.2
-394.872 2492.79 12231.2
1717.13 2554.79 12231.2
1717.13 2128.79 12231.2
1717.13 2492.79 12323.2
1717.13 2492.79 11867.2
3751.11 2577.51 12581.8
1512.11 2577.51 12581.8
1756.11 2633.51 12581.8
1756.11 2212.51 12581.8
1756.11 2577.51 12876.8
1756.11 2577.51 12357.8
3787.67 2668.4 12948.1
1755.67 2668.4 12948.1
1796.67 2727.4 12948.1
1796.67 2303.4 12948.1
1796.67 2668.4 13223.1
1796.67 2668.4 12805.1
3906.62 2751.43 13304.3
1806.62 2751.43 13304.3
1838.62 3023.43 13304.3
1838.62 2442.43 13304.3
1838.62 2751.43 13561.3
1838.62 2751.43 13196.3
3885.25 2835.94 13672.3
-217.749 2835.94 13672.3
1883.25 2947.94 13672.3
1883.25 2528.94 13672.3
1883.25 2835.94 13896.3
1883.25 2835.94 13383.3
3983.35 2943.33 14129.2
-164.647 2943.33 14129.2
1939.35 3306.33 14129.2
1939.35 2580.33 14129.2
1939.35 2943.33 14371.2
1939.35 2943.33 14025.2
4223.02 3046.19 14550.6
-242.978 3046.19 14550.6
1991.02 3355.19 14550.6
1991.02 2738.19 14550.6
1991.02 3046.19 14915.6
1991.02 3046.19 14241.6
4155.75 3145.96 14948.3
-308.254 3145.96 14948.3
2039.75 3509.96 14948.3
2039.75 3090.96 14948.3
2039.75 3145.96 15097.3
2039.75 3145.96 14641.3
4218.86 3267.04 15390.6
-11.135 3267.04 15390.6
2091.86 3581.04 15390.6
2091.86 3224.04 15390.6
2091.86 3267.04 15631.6
2091.86 3267.04 15188.6
4201.85 3397.69 15835.8
37.8496 3397.69 15835.8
2141.85 3708.69 15835.8
2141.85 3350.69 15835.8
2141.85 3397.69 15923.8
2141.85 3397.69 15470.8
4183.98 3523.69 16273.1
1950.98 3523.69 16273.1
2191.98 5553.69 16273.1
2191.98 3481.69 16273.1
2191.98 3523.69 16360.1
2191.98 3523.69 15931.1
4243.43 3652.25 16706.2
2199.43 3652.25 16706.2
2241.43 3964.25 16706.2
2241.43 3609.25 16706.2
2241.43 3652.25 16964.2
2241.43 3652.25 16341.2
4336.23 3747.38 17051.5
2233.23 3747.38 17051.5
2282.23 4058.38 17051.5
2282.23 3707.38 17051.5
2282.23 3747.38 17147.5
2282.23 3747.38 16847.5
4325.86 3870.13 17474.5
2279.86 3870.13 17474.5
2331.86 4235.13 17474.5
2331.86 3826.13 17474.5
2331.86 3870.13 17597.5
2331.86 3870.13 17109.5
4573.75 3986.32 17892.1
2338.75 3986.32 17892.1
2381.75 4290.32 17892.1
2381.75 3935.32 17892.1
2381.75 3986.32 18215.1
2381.75 3986.32 17580.1
4544.41 4072.25 18205.2
2386.41 4072.25 18205.2
2419.41 4381.25 18205.2
2419.41 3999.25 18205.2
2419.41 4072.25 18569.2
2419.41 4072.25 17980.2
4464.57 4195.59 18637.6
2438.57 4195.59 18637.6
2471.57 4560.59 18637.6
2471.57 3887.59 18637.6
2471.57 4195.59 18898.6
2471.57 4195.59 18524.6
4573.82 4307.24 19050.7
2494.82 4307.24 19050.7
2521.82 4764.24 19050.7
2521.82 3944.24 19050.7
2521.82 4307.24 19414.7
2521.82 4307.24 18739.7
4567.14 4420.35 19492.3
2548.14 4420.35 19492.3
2576.14 4785.35 19492.3
2576.14 3942.35 19492.3
2576.14 4420.35 19828.3
2576.14 4420.35 19380.3
4708.61 4544.7 19997.5
536.606 4544.7 19997.5
2638.61 4653.7 19997.5
2638.61 4180.7 19997.5
2638.61 4544.7 20216.5
2638.61 4544.7 19885.5
5097.7 4646.4 20436.1
2636.7 4646.4 20436.1
2691.7 4716.4 20436.1
2691.7 4088.4 20436.1
2691.7 4646.4 20581.1
2691.7 4646.4 20125.1
4791.64 4738.98 20857.9
2699.64 4738.98 20857.9
2741.64 4796.98 20857.9
2741.64 4373.98 20857.9
2741.64 4738.98 20952.9
2741.64 4738.98 20492.9
4904.31 4835.29 21292.7
2538.31 4835.29 21292.7
2793.31 4893.29 21292.7
2793.31 4096.29 21292.7
2793.31 4835.29 21383.7
2793.31 4835.29 21072.7
4896.81 4942.76 21779.3
2609.81 4942.76 21779.3
2851.81 4996.76 21779.3
2851.81 4579.76 21779.3
2851.81 4942.76 21867.3
2851.81 4942.76 21471.3
4908.56 5056.39 22298.7
806.559 5056.39 22298.7
2915.56 5112.39 22298.7
2915.56 4691.39 22298.7
2915.56 5056.39 22389.7
2915.56 5056.39 22059.7
4960.07 5144.87 22716.2
2727.07 5144.87 22716.2
2967.07 5200.87 22716.2
2967.07 4802.87 22716.2
2967.07 5144.87 22835.2
2967.07 5144.87 22351.2
5247.4 5229.28 23114.2
2973.4 5229.28 23114.2
3016.4 5297.28 23114.2
3016.4 4919.28 23114.2
3016.4 5229.28 23355.2
3016.4 5229.28 22823.2
5143.83 5340.51 23651.7
984.826 5340.51 23651.7
3082.83 5429.51 23651.7
3082.83 4975.51 23651.7
3082.83 5340.51 23888.7
3082.83 5340.51 23534.7
5391.1 5460.87 24240.7
922.104 5460.87 24240.7
3156.1 5767.87 24240.7
3156.1 5096.87 24240.7
3156.1 5460.87 24605.7
3156.1 5460.87 23933.7
5214.2 5572.59 24796.1
878.203 5572.59 24796.1
3225.2 5938.59 24796.1
3225.2 5461.59 24796.1
3225.2 5572.59 25104.1
3225.2 5572.59 24681.1
5368.13 5686.41 25340.4
1192.13 5686.41 25340.4
3293.13 5991.41 25340.4
3293.13 5554.41 25340.4
3293.13 5686.41 25487.4
3293.13 5686.41 25156.4
5358.15 5805.89 25933.6
1266.15 5805.89 25933.6
3366.15 6168.89 25933.6
3366.15 5750.89 25933.6
3366.15 5805.89 26170.6
3366.15 5805.89 25790.6
5524.82 5930.58 26534.8
1206.82 5930.58 26534.8
3440.82 6238.58 26534.8
3440.82 5875.58 26534.8
3440.82 5930.58 26619.8
3440.82 5930.58 26169.8
5491.08 6032.07 27026.3
3456.08 6032.07 27026.3
3502.08 6399.07 27026.3
3502.08 5975.07 27026.3
3502.08 6032.07 27110.3
3502.08 6032.07 26662.3
5557.37 6111.43 27430.5
3483.37 6111.43 27430.5
3552.37 6422.43 27430.5
3552.37 6043.43 27430.5
3552.37 6111.43 27654.5
3552.37 6111.43 27065.5
5652.92 6207.27 27922.5
3555.92 6207.27 27922.5
3613.92 6518.27 27922.5
3613.92 6131.27 27922.5
3613.92 6207.27 28023.5
3613.92 6207.27 27717.5
5675.6 6314.11 28485.7
1337.6 6314.11 28485.7
3684.6 6679.11 28485.7
3684.6 6213.11 28485.7
3684.6 6314.11 28793.7
3684.6 6314.11 28211.7
5872.64 6441.54 29128
1667.64 6441.54 29128
3766.64 6748.54 29128
3766.64 6239.54 29128
3766.64 6441.54 29386
3766.64 6441.54 28911
5893.79 6549.06 29682.3
3788.79 6549.06 29682.3
3837.79 6912.06 29682.3
3837.79 6239.06 29682.3
3837.79 6549.06 30045.3
3837.79 6549.06 29571.3
5952.48 6654.58 30251.9
1811.48 6654.58 30251.9
3910.48 6961.58 30251.9
3910.48 6290.58 30251.9
3910.48 6654.58 30614.9
3910.48 6654.58 30049.9
6045.51 6770.53 30868.4
1760.51 6770.53 30868.4
3989.51 6868.53 30868.4
3989.51 6463.53 30868.4
3989.51 6770.53 31071.4
3989.51 6770.53 30756.4
6059.52 6888.53 31477.3
1871.52 6888.53 31477.3
4067.52 6965.53 31477.3
4067.52 6523.53 31477.3
4067.52 6888.53 31600.3
4067.52 6888.53 31223.3
6130.57 6997.56 32063.3
2039.57 6997.56 32063.3
4141.57 7064.56 32063.3
4141.57 6632.56 32063.3
4141.57 6997.56 32154.3
4141.57 6997.56 31823.3
6323.49 7103 32636.5
4157.49 7103 32636.5
4214.49 7315 32636.5
4214.49 6738 32636.5
4214.49 7103 32728.5
4214.49 7103 32437.5
6278.14 7199.97 33204.8
4040.14 7199.97 33204.8
4286.14 7259.97 33204.8
4286.14 6850.97 33204.8
4286.14 7199.97 33298.8
4286.14 7199.97 32840.8
6344.6 7295.51 33747.5
4304.6 7295.51 33747.5
4355.6 7356.51 33747.5
4355.6 6931.51 33747.5
4355.6 7295.51 33849.5
4355.6 7295.51 33470.5
6474.3 7401.32 34330.7
4385.3 7401.32 34330.7
4431.3 7460.32 34330.7
4431.3 7037.32 34330.7
4431.3 7401.32 34470.7
4431.3 7401.32 33966.7
6635.18 7513.89 34939.7
4285.18 7513.89 34939.7
4511.18 7584.89 34939.7
4511.18 7216.89 34939.7
4511.18 7513.89 35302.7
4511.18 7513.89 34756.7
6595.16 7650.56 35653.6
2479.16 7650.56 35653.6
4606.16 7759.56 35653.6
4606.16 7341.56 35653.6
4606.16 7650.56 35946.6
4606.16 7650.56 35432.6
6822.59 7790.29 36370.4
2604.59 7790.29 36370.4
4702.59 8083.29 36370.4
4702.59 7605.29 36370.4
4702.59 7790.29 36630.4
4702.59 7790.29 36185.4
6809.16 7938.69 37143.3
2705.16 7938.69 37143.3
4807.16 8193.69 37143.3
4807.16 7841.69 37143.3
4807.16 7938.69 37506.3
4807.16 7938.69 37033.3
6976.57 8037.8 37696.1
2649.57 8037.8 37696.1
4881.57 8329.8 37696.1
4881.57 7972.8 37696.1
4881.57 8037.8 37834.1
4881.57 8037.8 37385.1
7100.17 8151.35 38302.6
4913.17 8151.35 38302.6
4963.17 8517.35 38302.6
4963.17 8095.35 38302.6
4963.17 8151.35 38542.6
4963.17 8151.35 37994.6
7124 8262.63 38895.9
4998 8262.63 38895.9
5043 8566.63 38895.9
5043 8209.63 38895.9
5043 8262.63 39133.9
5043 8262.63 38606.9
7161.9 8373.73 39493.5
5076.9 8373.73 39493.5
5123.9 8673.73 39493.5
5123.9 8326.73 39493.5
5123.9 8373.73 39577.5
5123.9 8373.73 39288.5
7190.01 8476.48 40038.4
5149.01 8476.48 40038.4
5198.01 8840.48 40038.4
5198.01 8430.48 40038.4
5198.01 8476.48 40125.4
5198.01 8476.48 39674.4
7339.22 8593.11 40661.1
5216.22 8593.11 40661.1
5283.22 8899.11 40661.1
5283.22 8548.11 40661.1
5283.22 8593.11 40925.1
5283.22 8593.11 40348.1
7350.16 8705.81 41235.3
5300.16 8705.81 41235.3
5362.16 9069.81 41235.3
5362.16 8657.81 41235.3
5362.16 8705.81 41333.3
5362.16 8705.81 40853.3
7581.26 8820.48 41850.8
5394.26 8820.48 41850.8
5447.26 9183.48 41850.8
5447.26 8762.48 41850.8
5447.26 8820.48 41974.8
5447.26 8820.48 41493.8
7534.08 8951.1 42555.5
3398.08 8951.1 42555.5
5545.08 8974.1 42555.5
5545.08 8880.1 42555.5
5545.08 8951.1 42918.5
5545.08 8951.1 42422.5
7630.34 9093.14 43253.9
3543.34 9093.14 43253.9
5641.34 9458.14 43253.9
5641.34 8798.14 43253.9
5641.34 9093.14 43619.9
5641.34 9093.14 43032.9
7811.28 9257.1 44066.9
3655.28 9257.1 44066.9
5753.28 9621.1 44066.9
5753.28 8892.1 44066.9
5753.28 9257.1 44430.9
5753.28 9257.1 43954.9
7844.03 9401.63 44797.8
3620.03 9401.63 44797.8
5854.03 9764.63 44797.8
5854.03 9105.63 44797.8
5854.03 9401.63 45161.8
5854.03 9401.63 44685.8
7956.58 9569.94 45634.6
3842.58 9569.94 45634.6
5968.58 9700.94 45634.6
5968.58 9276.94 45634.6
5968.58 9569.94 45928.6
5968.58 9569.94 45523.6
8176.65 9724.16 46389.3
3972.65 9724.16 46389.3
6070.65 9814.16 46389.3
6070.65 9361.16 46389.3
6070.65 9724.16 46713.3
6070.65 9724.16 46270.3
8149.2 9858.76 47039.3
5806.2 9858.76 47039.3
6157.2 9938.76 47039.3
6157.2 9563.76 47039.3
6157.2 9858.76 47351.3
6157.2 9858.76 46676.3
6890.8 9956.19 47535
5981.8 9956.19 47535
6222.8 10029.2 47535
6222.8 9593.19 47535
6222.8 9956.19 47845
6222.8 9956.19 47280
6912.28 10080.6 48135
4204.28 10080.6 48135
6302.28 10157.6 48135
6302.28 9707.61 48135
6302.28 10080.6 48375
6302.28 10080.6 47772
7010.48 10228.3 48799.6
6337.48 10228.3 48799.6
6390.48 10305.3 48799.6
6390.48 9913.3 48799.6
6390.48 10228.3 49057.6
6390.48 10228.3 48439.6
6687.33 10375.4 49482
4248.33 10375.4 49482
6481.33 10456.4 49482
6481.33 10032.4 49482
6481.33 10375.4 49574
6481.33 10375.4 49185
7289.54 10701.6 51037.5
6689.54 10701.6 51037.5
6689.54 10783.6 51037.5
6689.54 10392.6 51037.5
6689.54 10701.6 51347.5
6689.54 10701.6 50673.5
7573.48 11055.8 52781.1
4692.48 11055.8 52781.1
6925.48 11055.8 52781.1
6925.48 10761.8 52781.1
6925.48 11055.8 53146.1
6925.48 11055.8 52666.1
9023.91 11198.7 53576
4603.91 11198.7 53576
7032.91 11542.7 53576
7032.91 10888.7 53576
7032.91 11198.7 53885
7032.91 11198.7 53461
9399.03 11588.2 55519
5191.03 11588.2 55519
7292.03 11953.2 55519
7292.03 11588.2 55519
7292.03 11588.2 55653
7292.03 11588.2 55300
9460.39 11786.2 56408.5
5311.39 11786.2 56408.5
7409.39 12095.2 56408.5
7409.39 11717.2 56408.5
7409.39 11786.2 56493.5
7409.39 11786.2 56043.5
9483.03 11926.1 57033.3
7446.03 11926.1 57033.3
7492.03 12234.1 57033.3
7492.03 11858.1 57033.3
7492.03 11926.1 57275.3
7492.03 11926.1 56741.3
9612.25 12088.7 57771
7541.25 12088.7 57771
7590.25 12453.7 57771
7590.25 12026.7 57771
7590.25 12088.7 57868
7590.25 12088.7 57563
9824.1 12229.2 58465.2
7632.1 12229.2 58465.2
7684.1 12594.2 58465.2
7684.1 12156.2 58465.2
7684.1 12229.2 58584.2
7684.1 12229.2 58101.2
9778.29 12390.5 59233.5
7726.29 12390.5 59233.5
7787.29 12696.5 59233.5
7787.29 12299.5 59233.5
7787.29 12390.5 59473.5
7787.29 12390.5 59012.5
10017 12551.4 59996.5
7851.02 12551.4 59996.5
7889.02 12862.4 59996.5
7889.02 12242.4 59996.5
7889.02 12551.4 60360.5
7889.02 12551.4 59809.5
10174.3 12732.7 60832
5901.33 12732.7 60832
7999.33 13097.7 60832
7999.33 12422.7 60832
7999.33 12732.7 61196
7999.33 12732.7 60716
10214.2 12898 61614.7
6000.2 12898 61614.7
8101.2 13033 61614.7
8101.2 12536 61614.7
8101.2 12898 61838.7
8101.2 12898 61501.7
10274.9 13095.6 62509.2
6346.89 13095.6 62509.2
8215.89 13178.6 62509.2
8215.89 12732.6 62509.2
8215.89 13095.6 62817.2
8215.89 13095.6 62390.2
10300.2 13263.5 63266.1
8256.21 13263.5 63266.1
8311.21 13328.5 63266.1
8311.21 12953.5 63266.1
8311.21 13263.5 63489.1
8311.21 13263.5 63008.1
10443.1 13420.5 63967.9
8356.06 13420.5 63967.9
8399.06 13475.5 63967.9
8399.06 13055.5 63967.9
8399.06 13420.5 64055.9
8399.06 13420.5 63604.9
10602.5 13558.8 64563.5
8429.53 13558.8 64563.5
8474.53 13610.8 64563.5
8474.53 13194.8 64563.5
8474.53 13558.8 64650.5
8474.53 13558.8 64343.5
10565.5 13745 65340.5
8336.53 13745 65340.5
8574.53 13795 65340.5
8574.53 13380 65340.5
8574.53 13745 65429.5
8574.53 13745 64975.5
10673.7 13950 66215.4
8637.69 13950 66215.4
8686.69 13997 66215.4
8686.69 13643 66215.4
8686.69 13950 66455.4
8686.69 13950 65976.4
9356.01 14105 66905.6
8721.01 14105 66905.6
8774.01 14154 66905.6
8774.01 13742 66905.6
8774.01 14105 67146.6
8774.01 14105 66630.6
9451.6 14257.2 67587.9
8622.6 14257.2 67587.9
8860.6 14308.2 67587.9
8860.6 13951.2 67587.9
8860.6 14257.2 67951.9
8860.6 14257.2 67456.9
9140.52 14398.7 68192.8
8899.52 14398.7 68192.8
8939.52 14460.7 68192.8
8939.52 13923.7 68192.8
8939.52 14398.7 68555.8
8939.52 14398.7 67922.8
9643.82 14595 69036.9
9013.82 14595 69036.9
9049.82 14689 69036.9
9049.82 14287 69036.9
9049.82 14595 69460.9
9049.82 14595 68765.9
11138.5 14775.1 69810.3
9117.46 14775.1 69810.3
9151.46 15041.1 69810.3
9151.46 14411.1 69810.3
9151.46 14775.1 70174.3
9151.46 14775.1 69697.3
11242.8 14948 70601.1
9218.76 14948 70601.1
9252.76 15312 70601.1
9252.76 14810 70601.1
9252.76 14948 70936.1
9252.76 14948 70488.1
11483.3 15146.6 71534.7
7137.34 15146.6 71534.7
9371.34 15509.6 71534.7
9371.34 15059.6 71534.7
9371.34 15146.6 71740.7
9371.34 15146.6 71421.7
11488.5 15380 72505.7
7343.5 15380 72505.7
9501.5 15395 72505.7
9501.5 15314 72505.7
9501.5 15380 72628.7
9501.5 15380 72372.7
11774.8 15591.7 73404.6
7457.76 15591.7 73404.6
9620.76 15955.7 73404.6
9620.76 15535.7 73404.6
9620.76 15591.7 73495.6
9620.76 15591.7 73099.6
11740.6 15821.1 74405.5
7653.62 15821.1 74405.5
9751.62 16187.1 74405.5
9751.62 15600.1 74405.5
9751.62 15821.1 74481.5
9751.62 15821.1 74152.5
11960.8 16023.1 75238.2
7766.84 16023.1 75238.2
9866.84 16331.1 75238.2
9866.84 15973.1 75238.2
9866.84 16023.1 75494.2
9866.84 16023.1 74873.2
11948.8 16187.1 75961.1
9908.84 16187.1 75961.1
9961.84 16494.1 75961.1
9961.84 16139.1 75961.1
9961.84 16187.1 76202.1
9961.84 16187.1 75597.1
12182 16389.1 76859
7848.03 16389.1 76859
10080 18554.1 76859
10080 16134.1 76859
10080 16389.1 76969
10080 16389.1 76503
12209.5 16630.4 77911.8
8045.46 16630.4 77911.8
10221.5 16955.4 77911.8
10221.5 16563.4 77911.8
10221.5 16630.4 78051.8
10221.5 16630.4 77766.8
12464.7 16859 78933.3
8251.75 16859 78933.3
10355.7 17222 78933.3
10355.7 16672 78933.3
10355.7 16859 79296.3
10355.7 16859 78611.3
12562.6 17091.9 79950
8221.65 17091.9 79950
10491.6 17321.9 79950
10491.6 16725.9 79950
10491.6 17091.9 80314
10491.6 17091.9 79834
12615.6 17319.5 80964.3
8426.64 17319.5 80964.3
10624.6 17575.5 80964.3
10624.6 17023.5 80964.3
10624.6 17319.5 81328.3
10624.6 17319.5 80848.3
12875.1 17565.4 82047.1
8667.11 17565.4 82047.1
10767.1 17859.4 82047.1
10767.1 17185.4 82047.1
10767.1 17565.4 82410.1
10767.1 17565.4 81845.1
12932.5 17762.1 82934.7
8648.54 17762.1 82934.7
10880.5 17830.1 82934.7
10880.5 17398.1 82934.7
10880.5 17762.1 83244.7
10880.5 17762.1 82801.7
13016.7 18012.8 84122.4
8813.65 18012.8 84122.4
11025.7 18068.8 84122.4
11025.7 16000.8 84122.4
11025.7 18012.8 84209.4
11025.7 18012.8 83866.4
13275.7 18231.9 85150.7
9042.74 18231.9 85150.7
11152.7 18285.9 85150.7
11152.7 17698.9 85150.7
11152.7 18231.9 85239.7
11152.7 18231.9 84955.7
13310.5 18412.1 86009.3
9158.48 18412.1 86009.3
11258.5 18458.1 86009.3
11258.5 18049.1 86009.3
11258.5 18412.1 86233.3
11258.5 18412.1 85645.3
13360.3 18608.2 86919.7
11314.3 18608.2 86919.7
11373.3 18658.2 86919.7
11373.3 18064.2 86919.7
11373.3 18608.2 87263.7
11373.3 18608.2 86554.7
13492.5 18812.2 87822.4
11249.5 18812.2 87822.4
11491.5 18865.2 87822.4
11491.5 18447.2 87822.4
11491.5 18812.2 88187.4
11491.5 18812.2 87689.4
13718.8 18977.8 88537
11546.8 18977.8 88537
11586.8 19048.8 88537
11586.8 18668.8 88537
11586.8 18977.8 88902
11586.8 18977.8 88354
13702.9 19204.4 89486.8
11680.9 19204.4 89486.8
11715.9 19310.4 89486.8
11715.9 18840.4 89486.8
11715.9 19204.4 89744.8
11715.9 19204.4 89248.8
13884.4 19521.7 90750.9
9659.38 19521.7 90750.9
11893.4 19885.7 90750.9
11893.4 19224.7 90750.9
11893.4 19521.7 91114.9
11893.4 19521.7 90636.9
14209.3 19792.4 91838
9946.34 19792.4 91838
12046.3 20156.4 91838
12046.3 19482.4 91838
12046.3 19792.4 92201
12046.3 19792.4 91525
14320.9 20081.7 92991.3
10109.9 20081.7 92991.3
12209.9 20445.7 92991.3
12209.9 20011.7 92991.3
12209.9 20081.7 93128.3
12209.9 20081.7 92871.3
14335.8 20319.4 93965.5
10112.8 20319.4 93965.5
12345.8 20628.4 93965.5
12345.8 20256.4 93965.5
12345.8 20319.4 94071.5
12345.8 20319.4 93818.5
14540.4 20554.7 94980.1
10306.4 20554.7 94980.1
12484.4 21031.7 94980.1
12484.4 20498.7 94980.1
12484.4 20554.7 95058.1
12484.4 20554.7 94670.1
14616.4 20801.7 96044.7
10436.4 20801.7 96044.7
12630.4 21165.7 96044.7
12630.4 20741.7 96044.7
12630.4 20801.7 96127.7
12630.4 20801.7 95679.7
14870.6 20994.5 96882.9
12699.6 20994.5 96882.9
12745.6 21307.5 96882.9
12745.6 20937.5 96882.9
12745.6 20994.5 96965.9
12745.6 20994.5 96694.9
14849.8 21182.7 97715.2
12788.8 21182.7 97715.2
12859.8 21546.7 97715.2
12859.8 21124.7 97715.2
12859.8 21182.7 97809.2
12859.8 21182.7 97350.2
15151.9 21385.8 98656.5
12932.9 21385.8 98656.5
12987.9 21692.8 98656.5
12987.9 21326.8 98656.5
12987.9 21385.8 98979.5
12987.9 21385.8 98365.5
15143.8 21572.1 99540.5
13063.8 21572.1 99540.5
13107.8 21879.1 99540.5
13107.8 21491.1 99540.5
13107.8 21572.1 99683.5
13107.8 21572.1 99337.5
15205.2 21731.7 100353
13181.2 21731.7 100353
13216.2 22096.7 100353
13216.2 21614.7 100353
13216.2 21731.7 100610
13216.2 21731.7 100114
15360.9 21964.3 101528
11139.9 21964.3 101528
13373.9 22271.3 101528
13373.9 21599.3 101528
13373.9 21964.3 101681
13373.9 21964.3 101237
15528.1 22209.2 102738
11409.1 22209.2 102738
13538.1 22550.2 102738
13538.1 21914.2 102738
13538.1 22209.2 103049
13538.1 22209.2 102621
15740 22421.4 103781
13645 22421.4 103781
13680 22730.4 103781
13680 22128.4 103781
13680 22421.4 104146
13680 22421.4 103588
15790.8 22608.5 104716
13582.8 22608.5 104716
13806.8 22682.5 104716
13806.8 22243.5 104716
13806.8 22608.5 105024
13806.8 22608.5 104479
15925.5 22794.5 105672
13883.5 22794.5 105672
13935.5 22856.5 105672
13935.5 22336.5 105672
13935.5 22794.5 105916
13935.5 22794.5 105541
16147.2 22989 106677
13828.2 22989 106677
14070.2 23045 106677
14070.2 22625 106677
14070.2 22989 106784
14070.2 22989 106312
16236 23162 107559
14136 23162 107559
14189 23224 107559
14189 22797 107559
14189 23162 107649
14189 23162 107296
16320 23373.4 108595
14106 23373.4 108595
14330 23443.4 108595
14330 23007.4 108595
14330 23373.4 108684
14330 23373.4 108231
16709.6 23584.3 109649
14424.6 23584.3 109649
14473.6 23877.3 109649
14473.6 23276.3 109649
14473.6 23584.3 109887
14473.6 23584.3 109337
16710 23768.7 110545
14555 23768.7 110545
14597 24077.7 110545
14597 23405.7 110545
14597 23768.7 110641
14597 23768.7 110181
16777.2 23980.6 111520
14688.2 23980.6 111520
14733.2 24288.6 111520
14733.2 23709.6 111520
14733.2 23980.6 111612
14733.2 23980.6 111316
16834.2 24154.1 112342
14794.2 24154.1 112342
14848.2 24517.1 112342
14848.2 24058.1 112342
14848.2 24154.1 112613
14848.2 24154.1 111977
16955.3 24323.3 113174
14894.3 24323.3 113174
14965.3 24629.3 113174
14965.3 24258.3 113174
14965.3 24323.3 113395
14965.3 24323.3 112953
17152.3 24533.5 114244
15062.3 24533.5 114244
15116.3 24839.5 114244
15116.3 24482.5 114244
15116.3 24533.5 114369
15116.3 24533.5 114092
17228 24700.2 115132
15198 24700.2 115132
15242 25064.2 115132
15242 24657.2 115132
15242 24700.2 115279
15242 24700.2 114846
17506.3 24881.3 116109
15346.3 24881.3 116109
15380.3 25247.3 116109
15380.3 24838.3 116109
15380.3 24881.3 116364
15380.3 24881.3 115804
17537.3 25083.8 117184
15498.3 25083.8 117184
15532.3 25377.8 117184
15532.3 25012.8 117184
15532.3 25083.8 117444
15532.3 25083.8 117071
17711.3 25291.4 118281
13591.3 25291.4 118281
15687.3 25655.4 118281
15687.3 25086.4 118281
15687.3 25291.4 118645
15687.3 25291.4 118165
17852.7 25445.3 119099
15769.7 25445.3 119099
15802.7 25809.3 119099
15802.7 25137.3 119099
15802.7 25445.3 119463
15802.7 25445.3 118983
18099 25678.3 120381
13884 25678.3 120381
15984 26042.3 120381
15984 25312.3 120381
15984 25678.3 120745
15984 25678.3 120179
18206.7 25884.3 121553
16114.7 25884.3 121553
16149.7 26249.3 121553
16149.7 25590.3 121553
16149.7 25884.3 121814
16149.7 25884.3 121435
18342.1 26047.2 122572
16259.1 26047.2 122572
16296.1 26163.2 122572
16296.1 25740.2 122572
16296.1 26047.2 122721
16296.1 26047.2 122450
18432.4 26215 123623
16383.4 26215 123623
16446.4 26302 123623
16446.4 25851 123623
16446.4 26215 123846
16446.4 26215 123481
18607.4 26394.9 124812
14421.4 26394.9 124812
16617.4 26456.9 124812
16617.4 26031.9 124812
16617.4 26394.9 124911
16617.4 26394.9 124569
18781.1 26573 126019
14684.1 26573 126019
16792.1 26627 126019
16792.1 26208 126019
16792.1 26573 126104
16792.1 26573 125655
18997.1 26750.9 127155
14855.1 26750.9 127155
16954.1 26820.9 127155
16954.1 26384.9 127155
16954.1 26750.9 127381
16954.1 26750.9 126954
19270.6 26971.5 128580
14925.6 26971.5 128580
17158.6 27284.5 128580
17158.6 26661.5 128580
17158.6 26971.5 128768
17158.6 26971.5 128215
19333.9 27193.7 129907
15250.9 27193.7 129907
17344.9 27558.7 129907
17344.9 26829.7 129907
17344.9 27193.7 130217
17344.9 27193.7 129542
19607.4 27345.6 130888
17432.4 27345.6 130888
17486.4 27654.6 130888
17486.4 27209.6 130888
17486.4 27345.6 130994
17486.4 27345.6 130527
19722.7 27506.2 131876
17572.7 27506.2 131876
17626.7 27869.2 131876
17626.7 27413.2 131876
17626.7 27506.2 131991
17626.7 27506.2 131581
19737.8 27649 132736
17693.8 27649 132736
17747.8 27959 132736
17747.8 27584 132736
17747.8 27649 132979
17747.8 27649 132511
20036.5 27861.5 134040
15832.5 27861.5 134040
17933.5 28226.5 134040
17933.5 27817.5 134040
17933.5 27861.5 134405
17933.5 27861.5 133912
20103.7 28064.5 135321
15885.7 28064.5 135321
18118.7 28427.5 135321
18118.7 28018.5 135321
18118.7 28064.5 135452
18118.7 28064.5 135201
20437.1 28287.7 136768
15980.1 28287.7 136768
18330.1 28644.7 136768
18330.1 28219.7 136768
18330.1 28287.7 137078
18330.1 28287.7 136458
20472.3 28457.7 137841
18436.3 28457.7 137841
18483.3 28765.7 137841
18483.3 28170.7 137841
18483.3 28457.7 137931
18483.3 28457.7 137581
20614.2 28615.8 138848
18579.2 28615.8 138848
18628.2 28978.8 138848
18628.2 28471.8 138848
18628.2 28615.8 139101
18628.2 28615.8 138484
20943.4 28824.8 140102
18566.4 28824.8 140102
18801.4 29127.8 140102
18801.4 28460.8 140102
18801.4 28824.8 140193
18801.4 28824.8 139799
20974.8 29059.7 141482
16755.8 29059.7 141482
18988.8 29369.7 141482
18988.8 28694.7 141482
18988.8 29059.7 141686
18988.8 29059.7 141117
21151.6 29286.4 142799
16898.6 29286.4 142799
19166.6 29369.4 142799
19166.6 28923.4 142799
19166.6 29286.4 142917
19166.6 29286.4 142570
21277.5 29446.6 143727
19046.5 29446.6 143727
19291.5 29496.6 143727
19291.5 29082.6 143727
19291.5 29446.6 144020
19291.5 29446.6 143583
21401 29604.9 144632
19373 29604.9 144632
19412 29651.9 144632
19412 29298.9 144632
19412 29604.9 144859
19412 29604.9 144405
21617.5 29822.5 145863
19327.5 29822.5 145863
19573.5 29875.5 145863
19573.5 29511.5 145863
19573.5 29822.5 146227
19573.5 29822.5 145750
21928.2 30372.3 148825
19893.2 30372.3 148825
19939.2 30445.3 148825
19939.2 30078.3 148825
19939.2 30372.3 148825
19939.2 30372.3 148689
22080.3 30598.1 150062
20041.3 30598.1 150062
20094.3 30854.1 150062
20094.3 30236.1 150062
20094.3 30598.1 150162
20094.3 30598.1 149697
22544.7 30846.4 151422
20218.7 30846.4 151422
20265.7 31139.4 151422
20265.7 30553.4 151422
20265.7 30846.4 151664
20265.7 30846.4 151111
22451.9 31057.8 152570
20355.9 31057.8 152570
20408.9 31366.8 152570
20408.9 30966.8 152570
20408.9 31057.8 152791
20408.9 31057.8 152206
22682.9 31280 153787
20507.9 31280 153787
20562.9 31646 153787
20562.9 31206 153787
20562.9 31280 153906
20562.9 31280 153482
22713.3 31510.6 155057
18545.3 31510.6 155057
20724.3 31870.6 155057
20724.3 31445.6 155057
20724.3 31510.6 155421
20724.3 31510.6 154751
23047.3 31793.9 156597
18658.3 31793.9 156597
20916.3 32086.9 156597
20916.3 31731.9 156597
20916.3 31793.9 156907
20916.3 31793.9 156413
23103.5 32037.3 157872
21013.5 32037.3 157872
21066.5 32402.3 157872
21066.5 31964.3 157872
21066.5 32037.3 157977
21066.5 32037.3 157508
23347.9 32277.9 159126
21166.9 32277.9 159126
21212.9 32643.9 159126
21212.9 32187.9 159126
21212.9 32277.9 159210
21212.9 32277.9 158768
23586.3 32571.1 160670
19215.3 32571.1 160670
21395.3 33048.1 160670
21395.3 32437.1 160670
21395.3 32571.1 160757
21395.3 32571.1 160360
23052.5 32816.8 162032
19467.5 32816.8 162032
21566.5 33179.8 162032
21566.5 32556.8 162032
21566.5 32816.8 162121
21566.5 32816.8 161706
23829.6 33032.4 163251
21675.6 33032.4 163251
21722.6 33326.4 163251
21722.6 32703.4 163251
21722.6 33032.4 163350
21722.6 33032.4 162886
23931.5 33245 164446
21821.5 33245 164446
21874.5 33345 164446
21874.5 32881 164446
21874.5 33245 164579
21874.5 33245 164135
24016.8 33477.9 165733
21805.8 33477.9 165733
22033.8 33548.9 165733
22033.8 33113.9 165733
22033.8 33477.9 166028
22033.8 33477.9 165604
24471.5 33680.1 166854
22142.5 33680.1 166854
22173.5 33739.1 166854
22173.5 33371.1 166854
22173.5 33680.1 167111
22173.5 33680.1 166563
24342.9 33953.6 168360
20093.9 33953.6 168360
22357.9 34013.6 168360
22357.9 33589.6 168360
22357.9 33953.6 168512
22357.9 33953.6 168246
24687.4 34184.2 169614
22462.4 34184.2 169614
22508.4 34248.2 169614
22508.4 33889.2 169614
22508.4 34184.2 169857
22508.4 34184.2 169322
24756.3 34401.5 170750
22595.3 34401.5 170750
22638.3 34478.5 170750
22638.3 34036.5 170750
22638.3 34401.5 170845
22638.3 34401.5 170385
24878.8 34629.3 171939
22729.8 34629.3 171939
22773.8 34919.3 171939
22773.8 34266.3 171939
22773.8 34629.3 172029
22773.8 34629.3 171737
24897.6 34861.4 173144
22869.6 34861.4 173144
22910.6 34985.4 173144
22910.6 34515.4 173144
22910.6 34861.4 173234
22910.6 34861.4 172779
25214.2 35110.6 174440
23014.2 35110.6 174440
23058.2 35474.6 174440
23058.2 34800.6 174440
23058.2 35110.6 174682
23058.2 35110.6 174126
25306.4 35358.5 175719
23151.4 35358.5 175719
23202.4 35669.5 175719
23202.4 35236.5 175719
23202.4 35358.5 175818
23202.4 35358.5 175354
25468.1 35627.3 177112
23310.1 35627.3 177112
23362.1 35992.3 177112
23362.1 35544.3 177112
23362.1 35627.3 177228
23362.1 35627.3 176788
25508.2 35912.4 178558
23467.2 35912.4 178558
23523.2 36458.4 178558
23523.2 35854.4 178558
23523.2 35912.4 178702
23523.2 35912.4 178314
25649.9 36160.1 179824
23625.9 36160.1 179824
23665.9 36525.1 179824
23665.9 36106.1 179824
23665.9 36160.1 180081
23665.9 36160.1 179709
25952.8 36470 181429
21753.8 36470 181429
23848.8 36833 181429
23848.8 36420 181429
23848.8 36470 181555
23848.8 36470 181307
26004.5 36733.6 182774
23956.5 36733.6 182774
23996.5 37036.6 182774
23996.5 36674.6 182774
23996.5 36733.6 182872
23996.5 36733.6 182410
26260 36995.2 184129
24109 36995.2 184129
24148 37360.2 184129
24148 36916.2 184129
24148 36995.2 184220
24148 36995.2 183824
26295.4 37252.6 185497
24255.4 37252.6 185497
24306.4 37728.6 185497
24306.4 37146.6 185497
24306.4 37252.6 185593
24306.4 37252.6 185258
26555.6 37549.3 187068
22254.6 37549.3 187068
24486.6 37859.3 187068
24486.6 37185.3 187068
24486.6 37549.3 187170
24486.6 37549.3 186704
26638.4 37799.2 188443
24595.4 37799.2 188443
24650.4 38003.2 188443
24650.4 37440.2 188443
24650.4 37799.2 188552
24650.4 37799.2 188078
27347.8 38067.2 189943
24781.8 38067.2 189943
24830.8 38374.2 189943
24830.8 37508.2 189943
24830.8 38067.2 190182
24830.8 38067.2 189637
27009.8 38331 191409
24950.8 38331 191409
25004.8 38438 191409
25004.8 37966 191409
25004.8 38331 191555
25004.8 38331 191269
27282.9 38585.1 192839
25142.9 38585.1 192839
25175.9 38662.1 192839
25175.9 38280.1 192839
25175.9 38585.1 193200
25175.9 38585.1 192638
27349.3 38866 194420
23265.3 38866 194420
25364.3 38926 194420
25364.3 38561 194420
25364.3 38866 194784
25364.3 38866 194311
27620 39123.4 195840
23249 39123.4 195840
25528 39182.4 195840
25528 38759.4 195840
25528 39123.4 195970
25528 39123.4 195570
27755.6 39420.2 197454
23431.6 39420.2 197454
25709.6 39493.2 197454
25709.6 39057.2 197454
25709.6 39420.2 197759
25709.6 39420.2 197091
28024.2 39702.6 198979
25837.2 39702.6 198979
25880.2 40006.6 198979
25880.2 39398.6 198979
25880.2 39702.6 199234
25880.2 39702.6 198692
28130.2 39960.1 200370
26002.2 39960.1 200370
26036.2 40257.1 200370
26036.2 39596.1 200370
26036.2 39960.1 200471
26036.2 39960.1 200005
28271.7 40165.7 201475
26124.7 40165.7 201475
26159.7 40530.7 201475
26159.7 39822.7 201475
26159.7 40165.7 201576
26159.7 40165.7 201258
28441.4 40372.3 202584
26241.4 40372.3 202584
26283.4 40737.3 202584
26283.4 40255.3 202584
26283.4 40372.3 202690
26283.4 40372.3 202220
28594.8 40614.3 203852
26367.8 40614.3 203852
26420.8 40908.3 203852
26420.8 40426.3 203852
26420.8 40614.3 204095
26420.8 40614.3 203540
28629.8 40869.7 205221
26521.8 40869.7 205221
26573.8 41178.7 205221
26573.8 40813.7 205221
26573.8 40869.7 205460
26573.8 40869.7 205071
28794.5 41088.4 206398
26662.5 41088.4 206398
26705.5 41416.4 206398
26705.5 41042.4 206398
26705.5 41088.4 206761
26705.5 41088.4 206179
28923.7 41392.9 208038
24778.7 41392.9 208038
26887.7 41739.9 208038
26887.7 41352.9 208038
26887.7 41392.9 208388
26887.7 41392.9 207927
29193.3 41689 209618
24964.3 41689 209618
27059.3 42002 209618
27059.3 41645 209618
27059.3 41689 209861
27059.3 41689 209417
29418.2 41958.5 211117
27173.2 41958.5 211117
27227.2 42269.5 211117
27227.2 41903.5 211117
27227.2 41958.5 211232
27227.2 41958.5 210969
29460.3 42174.8 212303
27308.3 42174.8 212303
27357.3 42539.8 212303
27357.3 41916.8 212303
27357.3 42174.8 212405
27357.3 42174.8 212013
29694.7 42399.3 213565
27450.7 42399.3 213565
27498.7 42761.3 213565
27498.7 42285.3 213565
27498.7 42399.3 213819
27498.7 42399.3 213270
29691.2 42664.2 215087
27621.2 42664.2 215087
27672.2 42958.2 215087
27672.2 42354.2 215087
27672.2 42664.2 215329
27672.2 42664.2 214775
29962.6 42910.4 216508
27785.6 42910.4 216508
27834.6 43223.4 216508
27834.6 42545.4 216508
27834.6 42910.4 216613
27834.6 42910.4 216144
30112 43161.4 217982
27953 43161.4 217982
28005 43453.4 217982
28005 42835.4 217982
28005 43161.4 218098
28005 43161.4 217797
30352.2 43414 219464
27888.2 43414 219464
28176.2 43495 219464
28176.2 43050 219464
28176.2 43414 219791
28176.2 43414 219154
30335.5 43652.7 220916
28301.5 43652.7 220916
28347.5 43906.7 220916
28347.5 43191.7 220916
28347.5 43652.7 221160
28347.5 43652.7 220799
30563.6 43854.1 222156
28460.6 43854.1 222156
28494.6 43894.1 222156
28494.6 43541.1 222156
28494.6 43854.1 222481
28494.6 43854.1 222055
30648.2 44091.4 223597
28421.2 44091.4 223597
28662.2 44135.4 223597
28662.2 43726.4 223597
28662.2 44091.4 223905
28662.2 44091.4 223378
31017.9 44344.9 225150
28793.9 44344.9 225150
28842.9 44400.9 225150
28842.9 44031.9 225150
28842.9 44344.9 225396
28842.9 44344.9 224842
31143.1 44592.4 226644
28970.1 44592.4 226644
29014.1 44673.4 226644
29014.1 44227.4 226644
29014.1 44592.4 226743
29014.1 44592.4 226281
31179.5 44860.6 228229
29150.5 44860.6 228229
29191.5 45170.6 228229
29191.5 44587.6 228229
29191.5 44860.6 228326
29191.5 44860.6 227674
31308.7 45057.8 229407
29277.7 45057.8 229407
29324.7 45425.8 229407
29324.7 44694.8 229407
29324.7 45057.8 229661
29324.7 45057.8 229043
31641.2 45293.9 230800
29429.2 45293.9 230800
29480.2 45588.9 230800
29480.2 45183.9 230800
29480.2 45293.9 230902
29480.2 45293.9 230504
31750 45561.5 232353
29604 45561.5 232353
29650 45870.5 232353
29650 45490.5 232353
29650 45561.5 232464
29650 45561.5 232166
31776.8 45792.5 233679
29732.8 45792.5 233679
29792.8 46155.5 233679
29792.8 45731.5 233679
29792.8 45792.5 233807
29792.8 45792.5 233315
32133.5 46085.2 235363
27741.5 46085.2 235363
29975.5 46380.2 235363
29975.5 46030.2 235363
29975.5 46085.2 235622
29975.5 46085.2 235050
32148.3 46381.7 237072
27813.3 46381.7 237072
30160.3 46745.7 237072
30160.3 46310.7 237072
30160.3 46381.7 237381
30160.3 46381.7 236952
32461.9 46690.1 238838
28248.9 46690.1 238838
30347.9 47053.1 238838
30347.9 46379.1 238838
30347.9 46690.1 239093
30347.9 46690.1 238548
32636 46959.9 240388
30464 46959.9 240388
30513 47253.9 240388
30513 46823.9 240388
30513 46959.9 240488
30513 46959.9 240024
32746.2 47198.9 241764
30617.2 47198.9 241764
30660.2 47565.9 241764
30660.2 46833.9 241764
30660.2 47198.9 241863
30660.2 47198.9 241476
32954.7 47449.9 243244
30769.7 47449.9 243244
30825.7 47590.9 243244
30825.7 47084.9 243244
30825.7 47449.9 243483
30825.7 47449.9 242956
33168 47693.5 244697
30938 47693.5 244697
30992 47987.5 244697
30992 47384.5 244697
30992 47693.5 244937
30992 47693.5 244384
33257.6 47921 246064
31081.6 47921 246064
31150.6 47994 246064
31150.6 47556 246064
31150.6 47921 246202
31150.6 47921 245701
33475.9 48218.5 247888
29269.9 48218.5 247888
31368.9 48284.5 247888
31368.9 47836.5 247888
31368.9 48218.5 248128
31368.9 48218.5 247701
33627.1 48488.1 249554
31524.1 48488.1 249554
31570.1 48569.1 249554
31570.1 48123.1 249554
31570.1 48488.1 249685
31570.1 48488.1 249413
33922 48736.1 251108
31721 48736.1 251108
31763 48849.1 251108
31763 48372.1 251108
31763 48736.1 251366
31763 48736.1 250800
33937.1 48990.5 252681
31909.1 48990.5 252681
31952.1 49299.5 252681
31952.1 48624.5 252681
31952.1 48990.5 252939
31952.1 48990.5 252389
34213.9 49265.6 254395
32099.9 49265.6 254395
32160.9 49576.6 254395
32160.9 48958.6 254395
32160.9 49265.6 254486
32160.9 49265.6 254031
34409.4 49568 256274
30290.4 49568 256274
32388.4 49874 256274
32388.4 49483 256274
32388.4 49568 256515
32388.4 49568 255908
34636.1 49832 257927
32534.1 49832 257927
32591.1 50139 257927
32591.1 49767 257927
32591.1 49832 258167
32591.1 49832 257563
34889.1 50070.7 259447
32734.1 50070.7 259447
32782.1 50435.7 259447
32782.1 50017.7 259447
32782.1 50070.7 259585
32782.1 50070.7 259308
34999.7 50333.2 261136
30866.7 50333.2 261136
32996.7 50696.2 261136
32996.7 50275.2 261136
32996.7 50333.2 261444
32996.7 50333.2 260829
35333.8 50598.2 262886
31132.8 50598.2 262886
33228.8 50962.2 262886
33228.8 50530.2 262886
33228.8 50598.2 263026
33228.8 50598.2 262597
35534.5 50876.2 264730
31379.5 50876.2 264730
33473.5 51241.2 264730
33473.5 50783.2 264730
33473.5 50876.2 264985
33473.5 50876.2 264590
35681.9 51098.1 266228
33630.9 51098.1 266228
33677.9 51391.1 266228
33677.9 50805.1 266228
33677.9 51098.1 266472
33677.9 51098.1 265933
36033.7 51348.6 267919
33859.7 51348.6 267919
33907.7 51658.6 267919
33907.7 50983.6 267919
33907.7 51348.6 268015
33907.7 51348.6 267555
36219.2 51578.2 269455
34063.2 51578.2 269455
34113.2 51892.2 269455
34113.2 51213.2 269455
34113.2 51578.2 269547
34113.2 51578.2 269268
36502.2 51818.9 271060
34088.2 51818.9 271060
34326.2 51955.9 271060
34326.2 51454.9 271060
34326.2 51818.9 271151
34326.2 51818.9 270749
36523 52052.2 272632
34481 52052.2 272632
34539 52169.2 272632
34539 51683.2 272632
34539 52052.2 272856
34539 52052.2 272268
36962.2 52318.1 274399
34724.2 52318.1 274399
34770.2 52420.1 274399
34770.2 51952.1 274399
34770.2 52318.1 274537
34770.2 52318.1 274261
37035.9 52557.2 275968
34913.9 52557.2 275968
34968.9 52652.2 275968
34968.9 52249.2 275968
34968.9 52557.2 276334
34968.9 52557.2 275644
37399.5 52874.8 278076
33111.5 52874.8 278076
35240.5 52973.8 278076
35240.5 50863.8 278076
35240.5 52874.8 278385
35240.5 52874.8 277766
37470.8 53155.6 279953
35437.8 53155.6 279953
35483.8 53449.6 279953
35483.8 52860.6 279953
35483.8 53155.6 280197
35483.8 53155.6 279643
37802 53399.2 281572
35646 53399.2 281572
35691 53706.2 281572
35691 53034.2 281572
35691 53399.2 281678
35691 53399.2 281207
38025.5 53652.6 283277
35861.5 53652.6 283277
35913.5 53960.6 283277
35913.5 53287.6 283277
35913.5 53652.6 283377
35913.5 53652.6 283058
38105.5 53896.9 284892
36064.5 53896.9 284892
36118.5 54261.9 284892
36118.5 53773.9 284892
36118.5 53896.9 284991
36118.5 53896.9 284528
38305.4 54127.5 286443
36263.4 54127.5 286443
36321.4 54433.5 286443
36321.4 54020.5 286443
36321.4 54127.5 286764
36321.4 54127.5 286220
38705.8 54433.4 288516
34361.8 54433.4 288516
36595.8 54799.4 288516
36595.8 54348.4 288516
36595.8 54433.4 288719
36595.8 54433.4 288371
38821.2 54700.6 290324
34655.2 54700.6 290324
36833.2 55177.6 290324
36833.2 54620.6 290324
36833.2 54700.6 290688
36833.2 54700.6 290033
39132 54973.3 292140
34530 54973.3 292140
37062 55337.3 292140
37062 54889.3 292140
37062 54973.3 292445
37062 54973.3 291835
39430.3 55202.4 293637
37183.3 55202.4 293637
37241.3 55507.4 293637
37241.3 55102.4 293637
37241.3 55202.4 293749
37241.3 55202.4 293485
39408.2 55428.2 295122
37363.2 55428.2 295122
37420.2 55793.2 295122
37420.2 55305.2 295122
37420.2 55428.2 295222
37420.2 55428.2 294852
39745.7 55654.3 296626
37557.7 55654.3 296626
37605.7 55958.3 296626
37605.7 55289.3 296626
37605.7 55654.3 296724
37605.7 55654.3 296338
39770.3 55865 298053
37726.3 55865 298053
37787.3 56169 298053
37787.3 55500 298053
37787.3 55865 298153
37787.3 55865 297686
40087.7 56100.1 299617
37917.7 56100.1 299617
37978.7 56233.1 299617
37978.7 55735.1 299617
37978.7 56100.1 299730
37978.7 56100.1 299294
40196.9 56378 301491
38160.9 56378 301491
38212.9 56474 301491
38212.9 56013 301491
38212.9 56378 301730
38212.9 56378 301252
40438.7 56654.2 303377
36279.7 56654.2 303377
38451.7 56722.2 303377
38451.7 56340.2 303377
38451.7 56654.2 303598
38451.7 56654.2 303265
40680.1 56922.3 305238
36423.1 56922.3 305238
38692.1 56980.3 305238
38692.1 56590.3 305238
38692.1 56922.3 305619
38692.1 56922.3 305151
40932.9 57180.7 307112
36598.9 57180.7 307112
38948.9 57238.7 307112
38948.9 56884.7 307112
38948.9 57180.7 307424
38948.9 57180.7 306867
41319 57421 308885
36929 57421 308885
39196 57483 308885
39196 56957 308885
39196 57421 309179
39196 57421 308700
41486.9 57649.2 310584
39386.9 57649.2 310584
39433.9 57738.2 310584
39433.9 57284.2 310584
39433.9 57649.2 310682
39433.9 57649.2 310425
41820 57912.6 312530
39663 57912.6 312530
39702 58222.6 312530
39702 57548.6 312530
39702 57912.6 312614
39702 57912.6 312345
42148.3 58177.8 314502
39648.3 58177.8 314502
39975.3 58541.8 314502
39975.3 57884.8 314502
39975.3 58177.8 314688
39975.3 58177.8 314192
42161.2 58365.7 315917
40115.2 58365.7 315917
40175.2 58732.7 315917
40175.2 58244.7 315917
40175.2 58365.7 315999
40175.2 58365.7 315554
42394.2 58586.4 317546
40346.2 58586.4 317546
40398.2 58895.4 317546
40398.2 58496.4 317546
40398.2 58586.4 317789
40398.2 58586.4 317182
42810.4 58840.9 319513
38592.4 58840.9 319513
40686.4 59151.9 319513
40686.4 58770.9 319513
40686.4 58840.9 319772
40686.4 58840.9 319312
43167.5 59094.7 321488
38884.5 59094.7 321488
40978.5 59458.7 321488
40978.5 59031.7 321488
40978.5 59094.7 321852
40978.5 59094.7 321375
43230.5 59333.2 323332
39014.5 59333.2 323332
41247.5 59641.2 323332
41247.5 59270.2 323332
41247.5 59333.2 323696
41247.5 59333.2 323041
43453.6 59535.3 324882
41424.6 59535.3 324882
41469.6 59901.3 324882
41469.6 59466.3 324882
41469.6 59535.3 324999
41469.6 59535.3 324657
43693.1 59725.8 326329
41634.1 59725.8 326329
41673.1 60039.8 326329
41673.1 59428.8 326329
41673.1 59725.8 326592
41673.1 59725.8 325964
44034.8 60009.2 328478
39873.8 60009.2 328478
41972.8 60302.2 328478
41972.8 59892.2 328478
41972.8 60009.2 328561
41972.8 60009.2 328114
44264 60266.6 330420
42203 60266.6 330420
42241 60577.6 330420
42241 59972.6 330420
42241 60266.6 330680
42241 60266.6 330110
44632.9 60531.5 332390
42315.9 60531.5 332390
42505.9 60844.5 332390
42505.9 60236.5 332390
42505.9 60531.5 332702
42505.9 60531.5 332025
44752.4 60789.1 334322
40670.4 60789.1 334322
42768.4 61082.1 334322
42768.4 60313.1 334322
42768.4 60789.1 334579
42768.4 60789.1 334153
45018.6 61043.3 336192
40921.6 61043.3 336192
43015.6 61127.3 336192
43015.6 60767.3 336192
43015.6 61043.3 336557
43015.6 61043.3 336061
45338.4 61350.3 338422
41066.4 61350.3 338422
43304.4 61420.3 338422
43304.4 60987.3 338422
43304.4 61350.3 338716
43304.4 61350.3 338314
45561 61647.2 340551
41342 61647.2 340551
43575 61713.2 340551
43575 61281.2 340551
43575 61647.2 340690
43575 61647.2 340439
45776.9 61906.7 342347
43569.9 61906.7 342347
43792.9 61974.7 342347
43792.9 61542.7 342347
43792.9 61906.7 342655
43792.9 61906.7 342203
46040.5 62227.5 344539
44007.5 62227.5 344539
44053.5 62418.5 344539
44053.5 61861.5 344539
44053.5 62227.5 344635
44053.5 62227.5 344174
46264.4 62526.8 346520
44241.4 62526.8 346520
44279.4 62833.8 346520
44279.4 62161.8 346520
44279.4 62526.8 346609
44279.4 62526.8 346181
46637.9 62824.6 348513
44459.9 62824.6 348513
44509.9 63131.6 348513
44509.9 62459.6 348513
44509.9 62824.6 348604
44509.9 62824.6 348150
46860.3 63121.9 350492
44694.3 63121.9 350492
44737.3 63435.9 350492
44737.3 62976.9 350492
44737.3 63121.9 350584
44737.3 63121.9 350295
46926.7 63391.3 352281
44892.7 63391.3 352281
44942.7 63754.3 352281
44942.7 63292.3 352281
44942.7 63391.3 352390
44942.7 63391.3 351917
47172.1 63721.4 354437
42955.1 63721.4 354437
45187.1 64030.4 354437
45187.1 63644.4 354437
45187.1 63721.4 354579
45187.1 63721.4 354178
47582.5 64069.4 356634
43333.5 64069.4 356634
45427.5 64432.4 356634
45427.5 64003.4 356634
45427.5 64069.4 356997
45427.5 64069.4 356325
47778 64433.8 358899
43573 64433.8 358899
45671 64742.8 358899
45671 64362.8 358899
45671 64433.8 359157
45671 64433.8 358713
48015.3 64751.4 360918
43796.3 64751.4 360918
45892.3 65025.4 360918
45892.3 64665.4 360918
45892.3 64751.4 361042
45892.3 64751.4 360785
48451.9 65089.8 363152
43911.9 65089.8 363152
46145.9 65399.8 363152
46145.9 64972.8 363152
46145.9 65089.8 363255
46145.9 65089.8 362859
48374.3 65410.4 365270
44154.3 65410.4 365270
46387.3 65777.4 365270
46387.3 65045.4 365270
46387.3 65410.4 365360
46387.3 65410.4 365047
48703.6 65707.2 367141
46531.6 65707.2 367141
46592.6 66014.2 367141
46592.6 65343.2 367141
46592.6 65707.2 367236
46592.6 65707.2 366939
48820.4 66052.8 369336
44704.4 66052.8 369336
46835.4 66169.8 369336
46835.4 65687.8 369336
46835.4 66052.8 369443
46835.4 66052.8 369099
49126.9 66410.1 371584
44805.9 66410.1 371584
47082.9 66493.1 371584
47082.9 65935.1 371584
47082.9 66410.1 371891
47082.9 66410.1 371379
49433.8 66782 373862
45048.8 66782 373862
47327.8 66837 373862
47327.8 66417 373862
47327.8 66782 374168
47327.8 66782 373731
49519.7 67099.7 375810
47497.7 67099.7 375810
47536.7 67149.7 375810
47536.7 66623.7 375810
47536.7 67099.7 376066
47536.7 67099.7 375705
49740.7 67429.9 377838
47704.7 67429.9 377838
47753.7 67651.9 377838
47753.7 67118.9 377838
47753.7 67429.9 378203
47753.7 67429.9 377759
50118.2 67805.9 380126
45863.2 67805.9 380126
47995.2 67853.9 380126
47995.2 67499.9 380126
47995.2 67805.9 380432
47995.2 67805.9 379820
50338.1 68206.8 382511
46129.1 68206.8 382511
48240.1 68261.8 382511
48240.1 67727.8 382511
48240.1 68206.8 382820
48240.1 68206.8 382326
50500 68542.3 384506
48221 68542.3 384506
48444 68619.3 384506
48444 68177.3 384506
48444 68542.3 384598
48444 68542.3 384144
51014.1 69430.6 390018
46933.1 69430.6 390018
49030.1 69739.6 390018
49030.1 69430.6 390018
49030.1 69430.6 390103
49030.1 69430.6 389833
51304 69790.6 392213
49214 69790.6 392213
49261 70098.6 392213
49261 69650.6 392213
49261 69790.6 392308
49261 69790.6 391848
51507.2 70079.5 393946
49385.2 70079.5 393946
49441.2 70442.5 393946
49441.2 69974.5 393946
49441.2 70079.5 394052
49441.2 70079.5 393623
51558.3 70310.3 395273
49521.3 70310.3 395273
49573.3 70675.3 395273
49573.3 70227.3 395273
49573.3 70310.3 395395
49573.3 70310.3 394950
51837.6 70760.8 397743
47574.6 70760.8 397743
49807.6 71066.8 397743
49807.6 70695.8 397743
49807.6 70760.8 397888
49807.6 70760.8 397436
52082 71137.9 399846
49969 71137.9 399846
50009 71897.9 399846
50009 71082.9 399846
50009 71137.9 400209
50009 71137.9 399539
52366.6 71479.1 401766
50159.6 71479.1 401766
50193.6 71778.1 401766
50193.6 71424.1 401766
50193.6 71479.1 402061
50193.6 71479.1 401670
52497.5 71847.4 403828
50094.5 71847.4 403828
50389.5 72213.4 403828
50389.5 71788.4 403828
50389.5 71847.4 404193
50389.5 71847.4 403718
52704.8 72219.5 405868
50537.8 72219.5 405868
50577.8 72582.5 405868
50577.8 72141.5 405868
50577.8 72219.5 405993
50577.8 72219.5 405563
52748.5 72555.4 407791
50712.5 72555.4 407791
50763.5 72919.4 407791
50763.5 72456.4 407791
50763.5 72555.4 407900
50763.5 72555.4 407426
52950.1 72890.5 409768
50909.1 72890.5 409768
50960.1 73200.5 409768
50960.1 72580.5 409768
50960.1 72890.5 410010
50960.1 72890.5 409475
53232.8 73187.9 411470
51067.8 73187.9 411470
51124.8 73482.9 411470
51124.8 72961.9 411470
51124.8 73187.9 411565
51124.8 73187.9 411244
53271.6 73482.3 413152
51233.6 73482.3 413152
51287.6 73845.3 413152
51287.6 73118.3 413152
51287.6 73482.3 413396
51287.6 73482.3 412788
53648.6 73817.6 415128
51423.6 73817.6 415128
51484.6 73955.6 415128
51484.6 73452.6 415128
51484.6 73817.6 415352
51484.6 73817.6 414832
53715.5 74135.1 416984
51399.5 74135.1 416984
51668.5 74244.1 416984
51668.5 73825.1 416984
51668.5 74135.1 417293
51668.5 74135.1 416839
54014.4 74504.5 419217
49802.4 74504.5 419217
51896.4 74798.5 419217
51896.4 74040.5 419217
51896.4 74504.5 419479
51896.4 74504.5 419033
54188.5 74898.6 421578
50040.5 74898.6 421578
52134.5 75150.6 421578
52134.5 74535.6 421578
52134.5 74898.6 421943
52134.5 74898.6 421462
54649.4 75294.5 424005
50172.4 75294.5 424005
52384.4 75364.5 424005
52384.4 74986.5 424005
52384.4 75294.5 424208
52384.4 75294.5 423715
54723.5 75679.5 426342
50524.5 75679.5 426342
52621.5 75760.5 426342
52621.5 75316.5 426342
52621.5 75679.5 426460
52621.5 75679.5 426035
54946.5 76009.5 428317
52770.5 76009.5 428317
52818.5 76319.5 428317
52818.5 75645.5 428317
52818.5 76009.5 428426
52818.5 76009.5 428062
55103.9 76382.9 430426
52966.9 76382.9 430426
53015.9 76524.9 430426
53015.9 76017.9 430426
53015.9 76382.9 430667
53015.9 76382.9 430062
55210.1 76763.1 432626
53178.1 76763.1 432626
53227.1 76968.1 432626
53227.1 76400.1 432626
53227.1 76763.1 432730
53227.1 76763.1 432261
55448.1 77145 434952
53411.1 77145 434952
53461.1 77454 434952
53461.1 76836 434952
53461.1 77145 435193
53461.1 77145 434587
55764.1 77442.5 436834
53599.1 77442.5 436834
53656.1 77752.5 436834
53656.1 77185.5 436834
53656.1 77442.5 436957
53656.1 77442.5 436470
55996.2 77764.6 438879
53822.2 77764.6 438879
53868.2 78128.6 438879
53868.2 77694.6 438879
53868.2 77764.6 439017
53868.2 77764.6 438589
56251.9 78164.2 441318
51762.9 78164.2 441318
54111.9 78523.2 441318
54111.9 78099.2 441318
54111.9 78164.2 441627
54111.9 78164.2 441007
56409.9 78607.9 443957
52269.9 78607.9 443957
54367.9 78970.9 443957
54367.9 78353.9 443957
54367.9 78607.9 444081
54367.9 78607.9 443649
56748.3 79047.7 446587
52527.3 79047.7 446587
54623.3 79355.7 446587
54623.3 78941.7 446587
54623.3 79047.7 446847
54623.3 79047.7 446223
56858.9 79429.3 448842
52603.9 79429.3 448842
54838.9 79736.3 448842
54838.9 79281.3 448842
54838.9 79429.3 448945
54838.9 79429.3 448478
57001 79775.8 450791
54954 79775.8 450791
55014 80139.8 450791
55014 79495.8 450791
55014 79775.8 450892
55014 79775.8 450427
57373.3 80176.8 453041
55164.3 80176.8 453041
55215.3 80482.8 453041
55215.3 79805.8 453041
55215.3 80176.8 453285
55215.3 80176.8 452735
57444.3 80505.4 454913
55329.3 80505.4 454913
55385.3 80617.4 454913
55385.3 80140.4 454913
55385.3 80505.4 455042
55385.3 80505.4 454767
57673.2 80829.1 456833
55524.2 80829.1 456833
55567.2 80915.1 456833
55567.2 80519.1 456833
55567.2 80829.1 456981
55567.2 80829.1 456712
57734.6 81170.3 458826
55526.6 81170.3 458826
55751.6 81239.3 458826
55751.6 80806.3 458826
55751.6 81170.3 459191
55751.6 81170.3 458727
57975.6 81638 461493
53754.6 81638 461493
55988.6 81703 461493
55988.6 81329 461493
55988.6 81638 461858
55988.6 81638 461394
58201.5 82106.4 464127
54086.5 82106.4 464127
56216.5 82174.4 464127
56216.5 81741.4 464127
56216.5 82106.4 464236
56216.5 82106.4 463889
58507.4 82498.3 466284
56159.4 82498.3 466284
56396.4 82582.3 466284
56396.4 82133.3 466284
56396.4 82498.3 466373
56396.4 82498.3 466080
58574.2 82896.5 468529
56532.2 82896.5 468529
56589.2 83012.5 468529
56589.2 82533.5 468529
56589.2 82896.5 468770
56589.2 82896.5 468166
58737.6 83244.8 470483
56709.6 83244.8 470483
56755.6 83448.8 470483
56755.6 82875.8 470483
56755.6 83244.8 470572
56755.6 83244.8 470119
58934.3 83614.9 472661
56898.3 83614.9 472661
56950.3 83922.9 472661
56950.3 83499.9 472661
56950.3 83614.9 472754
56950.3 83614.9 472297
59217 83929.3 474489
57061 83929.3 474489
57112 84295.3 474489
57112 83851.3 474489
57112 83929.3 474591
57112 83929.3 474305
59307.7 84369.4 476977
54977.7 84369.4 476977
57324.7 84734.4 476977
57324.7 84318.4 476977
57324.7 84369.4 477285
57324.7 84369.4 476686
59545.1 84833.5 479684
55468.1 84833.5 479684
57562.1 85197.5 479684
57562.1 84782.5 479684
57562.1 84833.5 479964
57562.1 84833.5 479411
60135.5 85816 485211
55931.5 85816 485211
58025.5 86179 485211
58025.5 85816 485211
58025.5 85816 485355
58025.5 85816 485006
60288.7 86349.7 487986
56138.7 86349.7 487986
58236.7 86659.7 487986
58236.7 86221.7 487986
58236.7 86349.7 488082
58236.7 86349.7 487622
60421.9 86810.1 490507
58386.9 86810.1 490507
58438.9 87104.1 490507
58438.9 86501.1 490507
58438.9 86810.1 490748
58438.9 86810.1 490264
60704 87246.6 492959
58583 87246.6 492959
58641 87393.6 492959
58641 86881.6 492959
58641 87246.6 493053
58641 87246.6 492596
60931.9 87661.7 495251
58767.9 87661.7 495251
58825.9 87969.7 495251
58825.9 87298.7 495251
58825.9 87661.7 495361
58825.9 87661.7 494884
60978.9 88027.1 497305
58936.9 88027.1 497305
58993.9 88106.1 497305
58993.9 87663.1 497305
58993.9 88027.1 497548
58993.9 88027.1 497085
61179.6 88466.6 499764
56959.6 88466.6 499764
59193.6 88526.6 499764
59193.6 88159.6 499764
59193.6 88466.6 500128
59193.6 88466.6 499640
61469.7 88829.6 501881
59129.7 88829.6 501881
59369.7 88873.6 501881
59369.7 88465.6 501881
59369.7 88829.6 502189
59369.7 88829.6 501590
61504.9 89170.9 503756
59464.9 89170.9 503756
59517.9 89228.9 503756
59517.9 88810.9 503756
59517.9 89170.9 504000
59517.9 89170.9 503635
61754.4 89606.2 506140
57489.4 89606.2 506140
59705.4 89697.2 506140
59705.4 89242.2 506140
59705.4 89606.2 506447
59705.4 89606.2 506006
62014.2 90004.1 508365
59626.2 90004.1 508365
59883.2 90312.1 508365
59883.2 89639.1 508365
59883.2 90004.1 508672
59883.2 90004.1 508059
62312.4 90399.9 510588
60014.4 90399.9 510588
60061.4 90708.9 510588
60061.4 90262.9 510588
60061.4 90399.9 510690
60061.4 90399.9 510296
62240.3 90793.9 512791
60188.3 90793.9 512791
60237.3 91099.9 512791
60237.3 90705.9 512791
60237.3 90793.9 512884
60237.3 90793.9 512587
62382.5 91127.7 514749
60351.5 91127.7 514749
60399.5 91492.7 514749
60399.5 91067.7 514749
60399.5 91127.7 514848
60399.5 91127.7 514512
62554.6 91475.1 516779
60516.6 91475.1 516779
60567.6 91784.1 516779
60567.6 91432.1 516779
60567.6 91475.1 517021
60567.6 91475.1 516415
62862.5 91857.6 519039
58657.5 91857.6 519039
60756.5 92221.6 519039
60756.5 91824.6 519039
60756.5 91857.6 519295
60756.5 91857.6 518899
62981.5 92232.7 521232
58707.5 92232.7 521232
60938.5 92552.7 521232
60938.5 92187.7 521232
60938.5 92232.7 521537
60938.5 92232.7 521104
63281.4 92756.9 524319
59070.4 92756.9 524319
61196.4 93064.9 524319
61196.4 92677.9 524319
61196.4 92756.9 524434
61196.4 92756.9 524011
63536.7 93133.8 526538
61330.7 93133.8 526538
61381.7 93499.8 526538
61381.7 93021.8 526538
61381.7 93133.8 526779
61381.7 93133.8 526230
63591.7 93510.7 528889
61535.7 93510.7 528889
61586.7 93874.7 528889
61586.7 93200.7 528889
61586.7 93510.7 529129
61586.7 93510.7 528580
63820 93855 531062
61727 93855 531062
61778 94150 531062
61778 93490 531062
61778 93855 531140
61778 93855 530699
64069.5 94200.8 533197
61912.5 94200.8 533197
61963.5 94490.8 533197
61963.5 93835.8 533197
61963.5 94200.8 533286
61963.5 94200.8 532982
64128.3 94541.3 535290
61899.3 94541.3 535290
62145.3 94607.3 535290
62145.3 94176.3 535290
62145.3 94541.3 535586
62145.3 94541.3 534925
64311.9 94877.5 537360
62271.9 94877.5 537360
62325.9 94923.5 537360
62325.9 94561.5 537360
62325.9 94877.5 537625
62325.9 94877.5 537103
64582.9 95304.8 539874
62277.9 95304.8 539874
62538.9 95340.8 539874
62538.9 94939.8 539874
62538.9 95304.8 540237
62538.9 95304.8 539768
64835.8 95651.7 541925
62469.8 95651.7 541925
62712.8 95690.7 541925
62712.8 95287.7 541925
62712.8 95651.7 542049
62712.8 95651.7 541799
64925.2 96113.2 544636
62695.2 96113.2 544636
62941.2 96170.2 544636
62941.2 95746.2 544636
62941.2 96113.2 544933
62941.2 96113.2 544272
65118.3 96485.4 546886
63086.3 96485.4 546886
63135.3 96780.4 546886
63135.3 95941.4 546886
63135.3 96485.4 547128
63135.3 96485.4 546641
65382.2 96837.8 549056
63261.2 96837.8 549056
63325.2 97148.8 549056
63325.2 96527.8 549056
63325.2 96837.8 549362
63325.2 96837.8 548693
65684.9 97276.3 551730
61460.9 97276.3 551730
63558.9 97572.3 551730
63558.9 97088.3 551730
63558.9 97276.3 551975
63558.9 97276.3 551544
65884.2 97779.2 554702
61719.2 97779.2 554702
63814.2 98144.2 554702
63814.2 97693.2 554702
63814.2 97779.2 554839
63814.2 97779.2 554566
66025.2 98243.1 557369
61805.2 98243.1 557369
64039.2 98537.1 557369
64039.2 98178.1 557369
64039.2 98243.1 557731
64039.2 98243.1 557127
66264.9 98719.1 560163
62112.9 98719.1 560163
64277.9 99082.1 560163
64277.9 98648.1 560163
64277.9 98719.1 560286
64277.9 98719.1 560042
66604 99175.8 562773
62399 99175.8 562773
64496 99539.8 562773
64496 99094.8 562773
64496 99175.8 563028
64496 99175.8 562467
66805.8 99653.5 565476
62473.8 99653.5 565476
64719.8 99944.5 565476
64719.8 99388.5 565476
64719.8 99653.5 565555
64719.8 99653.5 565291
67033.8 100172 568307
62854.8 100172 568307
64948.8 100503 568307
64948.8 99806.2 568307
64948.8 100172 568398
64948.8 100172 567943
67361.6 100702 571227
62952.6 100702 571227
65186.6 100995 571227
65186.6 100339 571227
65186.6 100702 571350
65186.6 100702 570915
67398.3 101218 574049
63181.3 101218 574049
65415.3 101303 574049
65415.3 100924 574049
65415.3 101218 574414
65415.3 101218 573925
67591.8 101665 576462
65554.8 101665 576462
65607.8 101711 576462
65607.8 101301 576462
65607.8 101665 576827
65607.8 101665 576310
67759 102057 578556
65725 102057 578556
65773 102096 578556
65773 101694 578556
65773 102057 578920
65773 102057 578469
68163.3 102456 580637
65886.3 102456 580637
65933.3 102493 580637
65933.3 102141 580637
65933.3 102456 580878
65933.3 102456 580345
68168.8 102893 582936
65868.8 102893 582936
66111.8 102935 582936
66111.8 102530 582936
66111.8 102893 583043
66111.8 102893 582795
68296.6 103358 585463
66073.6 103358 585463
66313.6 103414 585463
66313.6 102994 585463
66313.6 103358 585544
66313.6 103358 585242
68799.9 104489 591688
66760.9 104489 591688
66816.9 104799 591688
66816.9 104489 591688
66816.9 104489 591765
66816.9 104489 591323
69117.6 104872 593874
66942.6 104872 593874
66998.6 105235 593874
66998.6 104779 593874
66998.6 104872 593979
66998.6 104872 593509
69265.1 105299 596335
65110.1 105299 596335
67204.1 105624 596335
67204.1 105243 596335
67204.1 105299 596455
67204.1 105299 596188
69491.3 105803 599090
65332.3 105803 599090
67426.3 106167 599090
67426.3 105760 599090
67426.3 105803 599370
67426.3 105803 598786
69776 106358 602085
65567 106358 602085
67665 106674 602085
67665 106321 602085
67665 106358 602448
67665 106358 601882
69990.4 106901 605096
65675.4 106901 605096
67908.4 107266 605096
67908.4 106853 605096
67908.4 106901 605301
67908.4 106901 604976
70123.3 107396 607917
68088.3 107396 607917
68139.3 107952 607917
68139.3 107340 607917
68139.3 107396 608017
68139.3 107396 607772
70339.2 107849 610513
68095.2 107849 610513
68352.2 109876 610513
68352.2 107759 610513
68352.2 107849 610601
68352.2 107849 610148
70738.8 108246 612822
68481.8 108246 612822
68542.8 108554 612822
68542.8 108125 612822
68542.8 108246 613046
68542.8 108246 612530
70863.1 108692 615413
68693.1 108692 615413
68756.1 109000 615413
68756.1 108328 615413
68756.1 108692 615500
68756.1 108692 615211
71192 109259 618630
66919 109259 618630
69016 109624 618630
69016 108894 618630
69016 109259 618724
69016 109259 618335
71314.9 109692 620999
69144.9 109692 620999
69201.9 110001 620999
69201.9 109426 620999
69201.9 109692 621105
69201.9 109692 620635
71552.1 110219 623950
67343.1 110219 623950
69437.1 110284 623950
69437.1 109854 623950
69437.1 110219 624082
69437.1 110219 623643
71805.4 110823 627128
67583.4 110823 627128
69678.4 110860 627128
69678.4 110493 627128
69678.4 110823 627385
69678.4 110823 627012
71974.9 111229 629199
69798.9 111229 629199
69831.9 111267 629199
69831.9 110917 629199
69831.9 111229 629456
69831.9 111229 628893
72172 111832 632295
67952 111832 632295
70063 111884 632295
70063 111357 632295
70063 111832 632604
70063 111832 632092
72249.2 112329 634915
70209.2 112329 634915
70263.2 112429 634915
70263.2 111966 634915
70263.2 112329 635024
70263.2 112329 634769
72572.8 112857 637611
70406.8 112857 637611
70463.8 113167 637611
70463.8 112492 637611
70463.8 112857 637699
70463.8 112857 637425
72632 113311 640005
70585 113311 640005
70646 113676 640005
70646 113180 640005
70646 113311 640249
70646 113311 639640
72853.7 113841 642864
70812.7 113841 642864
70867.7 114100 642864
70867.7 113755 642864
70867.7 113841 642955
70867.7 113841 642500
73046 114256 645120
70983 114256 645120
71044 114564 645120
71044 114200 645120
71044 114256 645343
71044 114256 644811
73372.9 114799 648023
69173.9 114799 648023
71267.9 115163 648023
71267.9 114756 648023
71267.9 114799 648300
71267.9 114799 647893
73521.7 115356 651004
69202.7 115356 651004
71497.7 115667 651004
71497.7 115313 651004
71497.7 115356 651312
71497.7 115356 650896
73709.3 115906 653978
69618.3 115906 653978
71727.3 116271 653978
71727.3 115859 653978
71727.3 115906 654179
71727.3 115906 653856
73933 116441 656862
71892 116441 656862
71949 116917 656862
71949 116386 656862
71949 116441 657104
71949 116441 656623
74125.4 116841 659046
72065.4 116841 659046
72118.4 117205 659046
72118.4 116761 659046
72118.4 116841 659284
72118.4 116841 658680
74379.8 117272 661439
72257.8 117272 661439
72306.8 117579 661439
72306.8 117050 661439
72306.8 117272 661515
72306.8 117272 661077
74533.1 117626 663397
72408.1 117626 663397
72461.1 117993 663397
72461.1 117483 663397
72461.1 117626 663476
72461.1 117626 663085
74674.4 118057 665851
72614.4 118057 665851
72658.4 118388 665851
72658.4 117761 665851
72658.4 118057 666095
72658.4 118057 665537
74992.7 118508 668461
72801.7 118508 668461
72870.7 118820 668461
72870.7 118143 668461
72870.7 118508 668556
72870.7 118508 668097
75146.8 118864 670534
72985.8 118864 670534
73039.8 119176 670534
73039.8 118606 670534
73039.8 118864 670645
73039.8 118864 670332
75236.6 119352 673239
73214.6 119352 673239
73253.6 119428 673239
73253.6 118989 673239
73253.6 119352 673563
73253.6 119352 672977
75696.9 119810 675860
73432.9 119810 675860
73465.9 119877 675860
73465.9 119500 675860
73465.9 119810 676119
73465.9 119810 675565
75792.8 120230 678333
73633.8 120230 678333
73669.8 120308 678333
73669.8 119866 678333
73669.8 120230 678466
73669.8 120230 678214
75963.4 120640 680684
73815.4 120640 680684
73860.4 120935 680684
73860.4 120275 680684
73860.4 120640 680802
73860.4 120640 680499
76259.5 121107 683409
73847.5 121107 683409
74083.5 121241 683409
74083.5 120742 683409
74083.5 121107 683717
74083.5 121107 683098
76269.4 121549 685924
74241.4 121549 685924
74287.4 121809 685924
74287.4 121190 685924
74287.4 121549 686026
74287.4 121549 685560
76493.2 122017 688650
74454.2 122017 688650
74510.2 122324 688650
74510.2 121891 688650
74510.2 122017 688737
74510.2 122017 688286
76796.9 122375 690788
74622.9 122375 690788
74686.9 122683 690788
74686.9 122283 690788
74686.9 122375 690877
74686.9 122375 690570
76890 122839 693486
74594 122839 693486
74908 123209 693486
74908 122777 693486
74908 122839 693674
74908 122839 693123
77154.9 123386 696695
72885.9 123386 696695
75170.9 123752 696695
75170.9 123332 696695
75170.9 123386 696828
75170.9 123386 696403
77416.1 123926 699874
73015.1 123926 699874
75430.1 124291 699874
75430.1 123877 699874
75430.1 123926 700187
75430.1 123926 699651
77782.7 124442 702896
73577.7 124442 702896
75675.7 124806 702896
75675.7 124391 702896
75675.7 124442 703259
75675.7 124442 702604
77912.2 124930 705774
73814.2 124930 705774
75909.2 125292 705774
75909.2 124866 705774
75909.2 124930 706001
75909.2 124930 705653
78090.4 125330 708172
76065.4 125330 708172
76103.4 125695 708172
76103.4 125034 708172
76103.4 125330 708450
76103.4 125330 708038
78478.5 125857 711267
74256.5 125857 711267
76353.5 126221 711267
76353.5 125743 711267
76353.5 125857 711374
76353.5 125857 711122
78586.6 126353 714183
76535.6 126353 714183
76588.6 126684 714183
76588.6 126204 714183
76588.6 126353 714465
76588.6 126353 713819
78837.9 126774 716581
76721.9 126774 716581
76781.9 127069 716581
76781.9 126409 716581
76781.9 126774 716666
76781.9 126774 716217
79453.9 128007 723397
75234.9 128007 723397
77331.9 128317 723397
77331.9 128007 723397
77331.9 128007 723484
77331.9 128007 723212
79692.9 128562 726490
75486.9 128562 726490
77581.9 128632 726490
77581.9 128198 726490
77581.9 128562 726734
77581.9 128562 726127
80055.6 129088 729487
75720.6 129088 729487
77824.6 129164 729487
77824.6 128795 729487
77824.6 129088 729689
77824.6 129088 729195
80077.4 129675 732792
75858.4 129675 732792
78091.4 129759 732792
78091.4 129311 732792
78091.4 129675 732925
78091.4 129675 732670
80353.1 130305 736227
75815.1 130305 736227
78366.1 130634 736227
78366.1 130011 736227
78366.1 130305 736539
78366.1 130305 736084
80721.4 130841 739109
78547.4 130841 739109
78595.4 131151 739109
78595.4 130477 739109
78595.4 130841 739204
78595.4 130841 738745
80904.5 131297 741607
78741.5 131297 741607
78794.5 131611 741607
78794.5 131022 741607
78794.5 131297 741684
78794.5 131297 741348
80982.3 131773 744189
78955.3 131773 744189
79000.3 132139 744189
79000.3 131659 744189
79000.3 131773 744268
79000.3 131773 743824
81455.8 132305 747014
79177.8 132305 747014
79225.8 132600 747014
79225.8 132229 747014
79225.8 132305 747256
79225.8 132305 746704
81518.6 132780 749581
79377.6 132780 749581
79431.6 133094 749581
79431.6 132725 749581
79431.6 132780 749693
79431.6 132780 749360
81687.5 133197 751859
79576.5 133197 751859
79614.5 133565 751859
79614.5 133157 751859
79614.5 133197 751995
79614.5 133197 751549
82052.9 133739 754873
77623.9 133739 754873
79856.9 134051 754873
79856.9 133696 754873
79856.9 133739 755013
79856.9 133739 754581
82267.1 134384 758437
77962.1 134384 758437
80143.1 134812 758437
80143.1 134333 758437
80143.1 134384 758560
80143.1 134384 758129
82348.4 134890 761208
80309.4 134890 761208
80365.4 135215 761208
80365.4 134822 761208
80365.4 134890 761318
80365.4 134890 761063
82756.9 135432 764161
80546.9 135432 764161
80601.9 135723 764161
80601.9 135340 764161
80601.9 135432 764399
80601.9 135432 763851
82909 135986 767184
80799 135986 767184
80844 136349 767184
80844 135860 767184
80844 135986 767272
80844 135986 766819
83090.1 136490 769927
81020.1 136490 769927
81064.1 136853 769927
81064.1 136126 769927
81064.1 136490 770019
81064.1 136490 769563
83362.4 137202 773815
79214.4 137202 773815
81376.4 137346 773815
81376.4 136837 773815
81376.4 137202 773911
81376.4 137202 773450
83797.3 137860 777389
79566.3 137860 777389
81663.3 137955 777389
81663.3 137399 777389
81663.3 137860 777618
81663.3 137860 777168
84004.1 138459 780689
79831.1 138459 780689
81928.1 138541 780689
81928.1 138094 780689
81928.1 138459 780929
81928.1 138459 780571
84383.4 139074 784194
79975.4 139074 784194
82208.4 139154 784194
82208.4 138764 784194
82208.4 139074 784399
82208.4 139074 783886
84414.6 139554 786958
82379.6 139554 786958
82428.6 139662 786958
82428.6 139190 786958
82428.6 139554 787202
82428.6 139554 786592
84931.8 140004 789539
82581.8 140004 789539
82633.8 140313 789539
82633.8 139696 789539
82633.8 140004 789779
82633.8 140004 789247
84987.3 140556 792650
80788.3 140556 792650
82881.3 140863 792650
82881.3 140429 792650
82881.3 140556 792924
82881.3 140556 792285
85357.6 141127 795964
80909.6 141127 795964
83143.6 141437 795964
83143.6 141051 795964
83143.6 141127 796074
83143.6 141127 795599
85593.6 141685 799235
81225.6 141685 799235
83402.6 142051 799235
83402.6 141627 799235
83402.6 141685 799376
83402.6 141685 798928
85769.4 142218 802449
81561.4 142218 802449
83654.4 142581 802449
83654.4 142169 802449
83654.4 142218 802814
83654.4 142218 802127
85998.5 142723 805481
81798.5 142723 805481
83892.5 143087 805481
83892.5 142672 805481
83892.5 142723 805627
83892.5 142723 805373
86121.6 143246 808547
81902.6 143246 808547
84135.6 143610 808547
84135.6 143182 808547
84135.6 143246 808750
84135.6 143246 808412
86341.3 143724 811401
84312.3 143724 811401
84359.3 143992 811401
84359.3 143623 811401
84359.3 143724 811503
84359.3 143724 811162
86620.9 144271 814533
82376.9 144271 814533
84610.9 144579 814533
84610.9 143907 814533
84610.9 144271 814622
84610.9 144271 814240
86999.3 144920 818321
82567.3 144920 818321
84912.3 145279 818321
84912.3 144615 818321
84912.3 144920 818625
84912.3 144920 818014
87276.3 145454 821427
83063.3 145454 821427
85160.3 145763 821427
85160.3 145093 821427
85160.3 145454 821551
85160.3 145454 821062
87449.6 146065 824932
83572.6 146065 824932
85442.6 146142 824932
85442.6 145701 824932
85442.6 146065 825242
85442.6 146065 824810
87690.2 146632 828189
83469.2 146632 828189
85704.2 146887 828189
85704.2 146268 828189
85704.2 146632 828311
85704.2 146632 828064
87937.5 147155 831311
85897.5 147155 831311
85950.5 147252 831311
85950.5 146789 831311
85950.5 147155 831552
85950.5 147155 831054
88161.5 147646 834191
86122.5 147646 834191
86179.5 147835 834191
86179.5 147281 834191
86179.5 147646 834432
86179.5 147646 833826
88595 148189 837384
84201 148189 837384
86434 148554 837384
86434 148051 837384
86434 148189 837482
86434 148189 837093
88830.2 148675 840150
86603.2 148675 840150
86657.2 149041 840150
86657.2 148581 840150
86657.2 148675 840271
86657.2 148675 839839
89130.9 149302 843791
84717.9 149302 843791
86949.9 149651 843791
86949.9 149241 843791
86949.9 149302 844158
86949.9 149302 843442
89174.2 149814 846765
85042.2 149814 846765
87189.2 149841 846765
87189.2 149762 846765
87189.2 149814 847010
87189.2 149814 846659
89647.9 150431 850389
85064.9 150431 850389
87478.9 150795 850389
87478.9 150367 850389
87478.9 150431 850720
87478.9 150431 850077
89833.9 150942 853371
87673.9 150942 853371
87717.9 151307 853371
87717.9 150857 853371
87717.9 150942 853474
87717.9 150942 853168
89905.8 151371 855968
87870.8 151371 855968
87922.8 151736 855968
87922.8 151246 855968
87922.8 151371 856279
87922.8 151371 855662
90340 151905 859156
88115 151905 859156
88177 152268 859156
88177 151542 859156
88177 151905 859381
88177 151905 858863
90453.5 152378 861935
88344.5 152378 861935
88401.5 152673 861935
88401.5 152013 861935
88401.5 152378 862036
88401.5 152378 861570
90777.7 152924 865080
88605.7 152924 865080
88659.7 153216 865080
88659.7 152561 865080
88659.7 152924 865202
88659.7 152924 864879
90922.5 153520 868410
86813.5 153520 868410
88938.5 153599 868410
88938.5 153156 868410
88938.5 153520 868703
88938.5 153520 868174
91359.4 154160 872037
87129.4 154160 872037
89239.4 154226 872037
89239.4 153680 872037
89239.4 154160 872347
89239.4 154160 871853
91422 154545 874240
89365 154545 874240
89421 154627 874240
89421 154180 874240
89421 154545 874341
89421 154545 873877
91770.6 155046 877089
89611.6 155046 877089
89656.6 155336 877089
89656.6 154771 877089
89656.6 155046 877184
89656.6 155046 876905
91872.5 155545 879892
89848.5 155545 879892
89890.5 155916 879892
89890.5 155180 879892
89890.5 155545 880165
89890.5 155545 879527
92344.7 156057 882726
90089.7 156057 882726
90129.7 156367 882726
90129.7 155746 882726
90129.7 156057 882984
90129.7 156057 882433
92609.6 156780 886696
88370.6 156780 886696
90467.6 157143 886696
90467.6 156727 886696
90467.6 156780 886823
90467.6 156780 886550
92751.7 157422 890264
88537.7 157422 890264
90769.7 157785 890264
90769.7 157379 890264
90769.7 157422 890411
90769.7 157422 890153
93130.3 158214 894734
89053.3 158214 894734
91146.3 160271 894734
91146.3 156204 894734
91146.3 158214 896771
91146.3 158214 894510
93591.2 158973 899068
89416.2 158973 899068
91509.2 159338 899068
91509.2 156963 899068
91509.2 158973 901102
91509.2 158973 898865
93982.8 159739 903479
89784.8 159739 903479
91878.8 160047 903479
91878.8 157730 903479
91878.8 159739 905513
91878.8 159739 903116
94225.6 160486 907768
90146.6 160486 907768
92239.6 160726 907768
92239.6 158428 907768
92239.6 160486 909802
92239.6 160486 907633
94632.5 161169 911632
92518.5 161169 911632
92567.5 161532 911632
92567.5 159162 911632
92567.5 161169 913824
92567.5 161169 911494
94901.2 161911 915623
92872.2 161911 915623
92916.2 162275 915623
92916.2 159904 915623
92916.2 161911 917851
92916.2 161911 915317
95321.7 162820 920382
91106.7 162820 920382
93339.7 163125 920382
93339.7 160813 920382
93339.7 162820 922615
93339.7 162820 920144
95722.6 163668 924905
91395.6 163668 924905
93740.6 164035 924905
93740.6 161661 924905
93740.6 163668 927084
93740.6 163668 924648
96092.7 164443 929095
92013.7 164443 929095
94110.7 164808 929095
94110.7 162433 929095
94110.7 164443 931328
94110.7 164443 928967
96662.8 165368 934147
92460.8 165368 934147
94554.8 165679 934147
94554.8 163207 934147
94554.8 165368 936447
94554.8 165368 933961
97116.7 166268 939037
92810.7 166268 939037
94987.7 168402 939037
94987.7 164259 939037
94987.7 166268 941269
94987.7 166268 938907
96913.7 167212 944328
93210.7 167212 944328
95449.7 169445 944328
95449.7 165204 944328
95449.7 167212 946365
95449.7 167212 944005
97894.8 168148 949671
93783.8 168148 949671
95912.8 170177 949671
95912.8 166140 949671
95912.8 168148 951848
95912.8 168148 949550
97533.8 168951 954339
94217.8 168951 954339
96314.8 171162 954339
96314.8 166943 954339
96314.8 168951 956452
96314.8 168951 954214
98833.3 169905 959866
94448.3 169905 959866
96793.3 171934 959866
96793.3 167898 959866
96793.3 169905 962042
96793.3 169905 959752
98662.2 170731 964745
94979.2 170731 964745
97212.2 172964 964745
97212.2 168723 964745
97212.2 170731 966782
97212.2 170731 964424
99848.3 171538 969673
95532.3 171538 969673
97630.3 173562 969673
97630.3 169531 969673
97630.3 171538 971908
97630.3 171538 969364
100112 172338 974539
95813.1 172338 974539
98046.1 174566 974539
98046.1 170331 974539
98046.1 172338 976593
98046.1 172338 974417
100692 173214 979858
96404.5 173214 979858
98502.5 175270 979858
98502.5 171207 979858
98502.5 173214 981989
98502.5 173214 979552
100964 173961 984469
98852 173961 984469
98896 176122 984469
98896 171952 984469
98896 173961 986506
98896 173961 984361
101294 174692 989138
99242.1 174692 989138
99287.1 176924 989138
99287.1 172512 989138
99287.1 174692 991502
99287.1 174692 989106
101765 175370 993372
97411.2 175370 993372
99644.2 177602 993372
99644.2 175063 993372
99644.2 175370 995604
99644.2 175370 993369
102104 176059 997501
99932 176059 997501
99997 178113 997501
99997 175956 997501
99997 176059 999536
99997 176059 997498
102311 176710 1.00128e+06
100278 176710 1.00128e+06
100324 178941 1.00128e+06
100324 176601 1.00128e+06
100324 176710 1.00351e+06
100324 176710 1.00127e+06
