2022-09-25
2073.27 0.699977 94.4113
-133.726 0.699977 94.4113
0.274311 238.7 94.4113
0.274311 -201.3 94.4113
0.274311 0.699977 453.411
0.274311 0.699977 -40.5887
2001.31 1.15873 126.646
-98.6934 1.15873 126.646
0.306634 247.159 126.646
0.306634 -411.841 126.646
0.306634 1.15873 337.646
0.306634 1.15873 71.6461
1997.92 1.96839 166.63
-59.0769 1.96839 166.63
0.923063 247.968 166.63
0.923063 -149.032 166.63
0.923063 1.96839 384.63
0.923063 1.96839 110.63
2069.45 2.42752 209.68
-113.547 2.42752 209.68
2.45281 175.428 209.68
2.45281 -176.572 209.68
2.45281 2.42752 606.68
2.45281 2.42752 57.6798
2278.08 3.26595 250.707
-49.9184 3.26595 250.707
4.08162 432.266 250.707
4.08162 -247.734 250.707
4.08162 3.26595 365.707
4.08162 3.26595 82.7066
2006.13 5.06982 299.982
-55.8727 5.06982 299.982
6.12734 250.07 299.982
6.12734 -172.93 299.982
6.12734 5.06982 414.982
6.12734 5.06982 151.982
2089.13 6.18215 359.047
-58.8714 6.18215 359.047
8.12857 178.182 359.047
8.12857 -228.818 359.047
8.12857 6.18215 476.047
8.12857 6.18215 192.047
2008.77 7.44954 423.858
-41.2252 7.44954 423.858
10.7748 247.45 423.858
10.7748 -237.55 423.858
10.7748 7.44954 539.858
10.7748 7.44954 274.858
2241.9 8.65861 480.017
-105.095 8.65861 480.017
12.9046 176.659 480.017
12.9046 -174.341 480.017
12.9046 8.65861 631.017
12.9046 8.65861 330.017
2012.94 10.1413 544.718
-36.0626 10.1413 544.718
14.9374 254.141 544.718
14.9374 -235.859 544.718
14.9374 10.1413 661.718
14.9374 10.1413 397.718
2017.61 11.0013 613.842
-33.3878 11.0013 613.842
16.6122 372.001 613.842
16.6122 -228.999 613.842
16.6122 11.0013 732.842
16.6122 11.0013 465.842
2018.19 11.4718 693.916
-36.8092 11.4718 693.916
18.1908 182.472 693.916
18.1908 -233.528 693.916
18.1908 11.4718 812.916
18.1908 11.4718 314.916
2017.58 12.0223 773.448
-113.423 12.0223 773.448
19.5768 443.022 773.448
19.5768 -169.978 773.448
19.5768 12.0223 923.448
19.5768 12.0223 627.448
2023.26 12.4236 856.858
-67.7449 12.4236 856.858
21.2551 247.424 856.858
21.2551 -173.576 856.858
21.2551 12.4236 978.858
21.2551 12.4236 710.858
2065.71 12.195 935.975
-29.2877 12.195 935.975
22.7123 257.195 935.975
22.7123 -232.805 935.975
22.7123 12.195 1055.97
22.7123 12.195 785.975
2025.26 11.7806 1026.14
-29.742 11.7806 1026.14
24.258 421.781 1026.14
24.258 -231.219 1026.14
24.258 11.7806 1145.14
24.258 11.7806 878.139
2026.52 12.0276 1115.24
-29.4754 12.0276 1115.24
26.5246 258.028 1115.24
26.5246 -232.972 1115.24
26.5246 12.0276 1234.24
26.5246 12.0276 966.24
2027 12.5062 1211.43
-25.0027 12.5062 1211.43
28.9973 258.506 1211.43
28.9973 -233.494 1211.43
28.9973 12.5062 1330.43
28.9973 12.5062 1060.43
2058.3 15.3849 1496.37
-11.6978 15.3849 1496.37
39.3022 187.385 1496.37
39.3022 15.3849 1496.37
39.3022 15.3849 1614.37
39.3022 15.3849 1346.37
2049.48 18.8231 1800.57
-2061.52 18.8231 1800.57
51.4792 264.823 1800.57
51.4792 18.8231 1800.57
51.4792 18.8231 1925.57
51.4792 18.8231 1663.57
2058.12 21.0285 1954.36
-2114.88 21.0285 1954.36
57.1241 257.028 1954.36
57.1241 -150.972 1954.36
57.1241 21.0285 2104.36
57.1241 21.0285 1816.36
2065.63 23.5589 2095.89
-2051.37 23.5589 2095.89
62.6328 268.559 2095.89
62.6328 -221.441 2095.89
62.6328 23.5589 2216.89
62.6328 23.5589 1954.89
2066.13 26.7937 2233.15
-30.873 26.7937 2233.15
68.127 207.794 2233.15
68.127 -157.206 2233.15
68.127 26.7937 2384.15
68.127 26.7937 2096.15
2076.87 28.2552 2364.72
18.8714 28.2552 2364.72
74.8714 246.255 2364.72
74.8714 -217.745 2364.72
74.8714 28.2552 2484.72
74.8714 28.2552 2225.72
2081.51 31.0906 2528.13
-51.4886 31.0906 2528.13
82.5114 388.091 2528.13
82.5114 -144.909 2528.13
82.5114 31.0906 2661.13
82.5114 31.0906 2394.13
2092.07 35.1382 2700.32
-2081.93 35.1382 2700.32
90.072 281.138 2700.32
90.072 -149.862 2700.32
90.072 35.1382 2851.32
90.072 35.1382 2574.32
2101.86 35.4551 2863.81
-2013.14 35.4551 2863.81
100.856 280.455 2863.81
100.856 -183.545 2863.81
100.856 35.4551 2985.81
100.856 35.4551 2728.81
2110.91 37.3412 3063.51
-2076.09 37.3412 3063.51
112.905 221.341 3063.51
112.905 -208.659 3063.51
112.905 37.3412 3184.51
112.905 37.3412 2896.51
2155.63 48.1877 3273.79
-2051.37 48.1877 3273.79
120.631 447.188 3273.79
120.631 -121.812 3273.79
120.631 48.1877 3406.79
120.631 48.1877 3121.79
2130.86 57.8494 3470.1
-2016.14 57.8494 3470.1
127.86 258.849 3470.1
127.86 -159.151 3470.1
127.86 57.8494 3604.1
127.86 57.8494 3319.1
2133.04 67.3037 3673.01
-2004.96 67.3037 3673.01
135.042 313.304 3673.01
135.042 -99.6963 3673.01
135.042 67.3037 3807.01
135.042 67.3037 3505.01
2139.93 76.1328 3869.68
25.9295 76.1328 3869.68
141.929 259.133 3869.68
141.929 -93.8672 3869.68
141.929 76.1328 4296.68
141.929 76.1328 3512.68
2150.04 86.3036 4092.6
-1962.96 86.3036 4092.6
150.042 269.304 4092.6
150.042 -158.696 4092.6
150.042 86.3036 4220.6
150.042 86.3036 3957.6
2155.89 96.3567 4317.53
-2032.11 96.3567 4317.53
157.89 710.357 4317.53
157.89 -148.643 4317.53
157.89 96.3567 4448.53
157.89 96.3567 4183.53
2230.23 108.5 4556.24
-1946.77 108.5 4556.24
165.228 354.5 4556.24
165.228 -137.5 4556.24
165.228 108.5 4685.24
165.228 108.5 4406.24
2173.91 120.387 4782.25
-1984.09 120.387 4782.25
171.915 313.387 4782.25
171.915 -39.6128 4782.25
171.915 120.387 4933.25
171.915 120.387 4420.25
2258.32 135.527 5073.42
-1934.68 135.527 5073.42
180.32 324.527 5073.42
180.32 -100.473 5073.42
180.32 135.527 5199.42
180.32 135.527 4904.42
2189.04 147.741 5341.75
-1923.96 147.741 5341.75
190.039 393.741 5341.75
190.039 -97.2594 5341.75
190.039 147.741 5465.75
190.039 147.741 5208.75
2218.44 175.724 5993.53
-1895.56 175.724 5993.53
215.438 359.724 5993.53
215.438 5.72401 5993.53
215.438 175.724 5993.53
215.438 175.724 5859.53
2226.9 188.25 6282.35
-1962.1 188.25 6282.35
226.899 581.25 6282.35
226.899 -29.7495 6282.35
226.899 188.25 6415.35
226.899 188.25 6144.35
2234.99 201.252 6542.65
-1953.01 201.252 6542.65
235.993 436.252 6542.65
235.993 40.252 6542.65
235.993 201.252 6670.65
235.993 201.252 6407.65
2247.7 213.78 6793.62
-1866.3 213.78 6793.62
244.696 406.78 6793.62
244.696 56.78 6793.62
244.696 213.78 7011.62
244.696 213.78 6659.62
2374.14 228.04 7107.32
-1857.86 228.04 7107.32
256.144 418.04 7107.32
256.144 -67.9601 7107.32
256.144 228.04 7237.32
256.144 228.04 6975.32
2349.84 238.254 7379.2
-1847.16 238.254 7379.2
267.841 504.254 7379.2
267.841 -46.7463 7379.2
267.841 238.254 7511.2
267.841 238.254 7249.2
2375.4 248.559 7679.14
-1851.6 248.559 7679.14
281.404 534.559 7679.14
281.404 79.5591 7679.14
281.404 248.559 7811.14
281.404 248.559 7553.14
2424.55 257.865 7960.5
-1838.45 257.865 7960.5
294.552 483.865 7960.5
294.552 -27.1351 7960.5
294.552 257.865 8093.5
294.552 257.865 7712.5
2383.03 265.383 8187.56
-2077.97 265.383 8187.56
305.026 534.383 8187.56
305.026 94.3826 8187.56
305.026 265.383 8318.56
305.026 265.383 8057.56
2413.61 276.318 8499.58
-1796.39 276.318 8499.58
318.608 573.318 8499.58
318.608 -14.6818 8499.58
318.608 276.318 8629.58
318.608 276.318 8205.58
2462.5 286.482 8822.94
-1798.5 286.482 8822.94
332.502 583.482 8822.94
332.502 1.4816 8822.94
332.502 286.482 8948.94
332.502 286.482 8687.94
2423.06 292.537 9114.79
-2045.94 292.537 9114.79
345.058 584.537 9114.79
345.058 9.53686 9114.79
345.058 292.537 9244.79
345.058 292.537 8992.79
2363.04 296.387 9479.25
-1755.96 296.387 9479.25
359.038 482.387 9479.25
359.038 68.3869 9479.25
359.038 296.387 9626.25
359.038 296.387 9348.25
2498.63 299.7 9793.58
-1743.37 299.7 9793.58
370.626 595.7 9793.58
370.626 48.7003 9793.58
370.626 299.7 9926.58
370.626 299.7 9664.58
2412.64 302.064 10105.2
-1750.36 302.064 10105.2
381.641 586.064 10105.2
381.641 5.06384 10105.2
381.641 302.064 10425.2
381.641 302.064 9986.2
2437.12 305.505 10429.3
-1726.88 305.505 10429.3
394.116 603.505 10429.3
394.116 20.5052 10429.3
394.116 305.505 10560.3
394.116 305.505 10300.3
2520.28 309.451 10751.4
-1707.72 309.451 10751.4
407.278 578.451 10751.4
407.278 25.4506 10751.4
407.278 309.451 10882.4
407.278 309.451 10621.4
2535.64 314.089 11112.2
-1691.36 314.089 11112.2
422.635 611.089 11112.2
422.635 46.089 11112.2
422.635 314.089 11241.2
422.635 314.089 10037.2
2515.81 318.484 11437.4
-1694.19 318.484 11437.4
436.814 603.484 11437.4
436.814 27.4842 11437.4
436.814 318.484 11753.4
436.814 318.484 11304.4
2514.67 323.396 11803.1
-1679.33 323.396 11803.1
452.666 639.396 11803.1
452.666 38.3962 11803.1
452.666 323.396 11937.1
452.666 323.396 11656.1
2466.02 327.934 12150.7
-2407.98 327.934 12150.7
467.018 561.934 12150.7
467.018 129.934 12150.7
467.018 327.934 12282.7
467.018 327.934 12022.7
2482.21 333.713 12506.9
-1667.79 333.713 12506.9
484.214 630.713 12506.9
484.214 100.713 12506.9
484.214 333.713 12636.9
484.214 333.713 12324.9
3417 340.616 12921.9
-1627 340.616 12921.9
505.004 556.616 12921.9
505.004 74.6162 12921.9
505.004 340.616 13049.9
505.004 340.616 12787.9
2566.65 345.597 13269.3
-1711.35 345.597 13269.3
521.649 563.597 13269.3
521.649 61.5967 13269.3
521.649 345.597 13396.3
521.649 345.597 13133.3
2588.28 351.422 13629
-1574.72 351.422 13629
540.28 619.422 13629
540.28 66.4223 13629
540.28 351.422 13759
540.28 351.422 13496
2688.3 356.816 14020.9
-1551.7 356.816 14020.9
559.296 653.816 14020.9
559.296 58.8156 14020.9
559.296 356.816 14146.9
559.296 356.816 13709.9
2624.57 363.946 14433.6
-1549.43 363.946 14433.6
581.566 631.946 14433.6
581.566 66.946 14433.6
581.566 363.946 14561.6
581.566 363.946 14297.6
2911.44 367.983 14806.1
-1533.56 367.983 14806.1
597.443 551.983 14806.1
597.443 70.9834 14806.1
597.443 367.983 14998.1
597.443 367.983 14670.1
2611.87 372.425 15175.7
-1716.13 372.425 15175.7
613.87 668.425 15175.7
613.87 88.4252 15175.7
613.87 372.425 15304.7
613.87 372.425 14925.7
2660.82 375.585 15553.5
-1483.18 375.585 15553.5
627.824 643.585 15553.5
627.824 90.5852 15553.5
627.824 375.585 15679.5
627.824 375.585 15419.5
2738.48 379.33 15953.8
-1469.52 379.33 15953.8
643.48 676.33 15953.8
643.48 80.3296 15953.8
643.48 379.33 16081.8
643.48 379.33 15644.8
2790.22 384.169 16336.4
-1522.78 384.169 16336.4
661.221 669.169 16336.4
661.221 150.169 16336.4
661.221 384.169 16466.4
661.221 384.169 16202.4
2759.49 389.63 16671.6
624.49 389.63 16671.6
679.49 685.63 16671.6
679.49 121.63 16671.6
679.49 389.63 16802.6
679.49 389.63 16452.6
2797.59 397.09 17114
-1408.41 397.09 17114
703.593 682.09 17114
703.593 100.09 17114
703.593 397.09 17242
703.593 397.09 16982
2783.11 405.114 17515.3
-1399.89 405.114 17515.3
733.105 632.114 17515.3
733.105 109.114 17515.3
733.105 405.114 17642.3
733.105 405.114 17381.3
2760.37 411.356 18002.4
-1349.63 411.356 18002.4
762.375 706.356 18002.4
762.375 115.356 18002.4
762.375 411.356 18129.4
762.375 411.356 17835.4
2910.88 413.404 18420.9
-1332.12 413.404 18420.9
781.876 681.404 18420.9
781.876 178.404 18420.9
781.876 413.404 18551.9
781.876 413.404 18285.9
2830.34 415.741 18865.2
-1310.66 415.741 18865.2
803.34 712.741 18865.2
803.34 147.741 18865.2
803.34 415.741 18998.2
803.34 415.741 18732.2
2964.89 418.291 19254.4
764.893 418.291 19254.4
824.893 687.291 19254.4
824.893 151.291 19254.4
824.893 418.291 19386.4
824.893 418.291 19121.4
2846.13 420.609 19604.1
498.131 420.609 19604.1
844.131 671.609 19604.1
844.131 135.609 19604.1
844.131 420.609 19737.1
844.131 420.609 19473.1
2932.59 423.954 20030.4
-1245.41 423.954 20030.4
868.589 623.954 20030.4
868.589 140.954 20030.4
868.589 423.954 20161.4
868.589 423.954 19896.4
2902.56 429.097 20491.8
-1214.44 429.097 20491.8
899.558 713.097 20491.8
899.558 137.097 20491.8
899.558 429.097 20620.8
899.558 429.097 20357.8
2982.54 432.867 20859.4
860.541 432.867 20859.4
922.541 699.867 20859.4
922.541 136.867 20859.4
922.541 432.867 20989.4
922.541 432.867 20721.4
3076.06 437.178 21226.9
887.055 437.178 21226.9
948.055 734.178 21226.9
948.055 153.178 21226.9
948.055 437.178 21358.9
948.055 437.178 21091.9
3018.53 441.77 21607.5
913.534 441.77 21607.5
973.534 642.77 21607.5
973.534 241.77 21607.5
973.534 441.77 21738.5
973.534 441.77 21475.5
3098.94 446.913 22009.2
894.941 446.913 22009.2
999.941 714.913 22009.2
999.941 195.913 22009.2
999.941 446.913 22137.2
999.941 446.913 21876.2
3088 451.431 22345.9
910.005 451.431 22345.9
1022 747.431 22345.9
1022 184.431 22345.9
1022 451.431 22474.9
1022 451.431 22211.9
3092.89 458.763 22825.5
-1338.11 458.763 22825.5
1047.89 709.763 22825.5
1047.89 173.763 22825.5
1047.89 458.763 22956.5
1047.89 458.763 22684.5
3193.08 464.708 23204.6
1012.08 464.708 23204.6
1067.08 747.708 23204.6
1067.08 180.708 23204.6
1067.08 464.708 23336.6
1067.08 464.708 23070.6
3080.41 471.334 23610.4
969.41 471.334 23610.4
1082.41 756.334 23610.4
1082.41 51.3345 23610.4
1082.41 471.334 23746.4
1082.41 471.334 23477.4
3195.69 478.902 24044.1
787.69 478.902 24044.1
1100.69 763.902 24044.1
1100.69 243.902 24044.1
1100.69 478.902 24176.1
1100.69 478.902 23910.1
3138.17 488.051 24467.6
1015.17 488.051 24467.6
1125.17 784.051 24467.6
1125.17 192.051 24467.6
1125.17 488.051 24598.6
1125.17 488.051 24333.6
3325.72 502.633 24993.3
-947.281 502.633 24993.3
1165.72 709.633 24993.3
1165.72 304.633 24993.3
1165.72 502.633 25124.3
1165.72 502.633 24693.3
3225.76 524.047 25640.2
-886.237 524.047 25640.2
1224.76 861.047 25640.2
1224.76 225.047 25640.2
1224.76 524.047 25838.2
1224.76 524.047 25442.2
3297.3 540.887 26139.2
-840.698 540.887 26139.2
1270.3 839.887 26139.2
1270.3 196.887 26139.2
1270.3 540.887 26269.2
1270.3 540.887 25923.2
3471.59 561.62 26666.3
-809.413 561.62 26666.3
1323.59 908.62 26666.3
1323.59 262.62 26666.3
1323.59 561.62 26872.3
1323.59 561.62 26530.3
3377.51 583.841 27210
-732.491 583.841 27210
1379.51 790.841 27210
1379.51 235.841 27210
1379.51 583.841 27338
1379.51 583.841 26978
3438.05 601.686 27934.5
-673.947 601.686 27934.5
1436.05 936.686 27934.5
1436.05 254.686 27934.5
1436.05 601.686 28064.5
1436.05 601.686 27686.5
3475.17 611.552 28520
-637.828 611.552 28520
1474.17 942.552 28520
1474.17 388.552 28520
1474.17 611.552 28801
1474.17 611.552 28382
3524.92 620.812 29083.2
-603.081 620.812 29083.2
1510.92 968.812 29083.2
1510.92 405.812 29083.2
1510.92 620.812 29281.2
1510.92 620.812 28852.2
3580.25 632.74 29669.8
-557.752 632.74 29669.8
1552.25 830.74 29669.8
1552.25 400.74 29669.8
1552.25 632.74 29867.8
1552.25 632.74 29533.8
3856.36 642.478 30272.7
-518.645 642.478 30272.7
1591.36 959.478 30272.7
1591.36 360.478 30272.7
1591.36 642.478 30737.7
1591.36 642.478 29973.7
3640.72 657.447 30899.2
-475.276 657.447 30899.2
1637.72 912.447 30899.2
1637.72 310.447 30899.2
1637.72 657.447 31035.2
1637.72 657.447 30599.2
3819.12 674.124 31572.8
-425.881 674.124 31572.8
1688.12 1021.12 31572.8
1688.12 375.124 31572.8
1688.12 674.124 31804.8
1688.12 674.124 31273.8
3813.93 686.415 32285.4
-376.065 686.415 32285.4
1733.93 985.415 32285.4
1733.93 479.415 32285.4
1733.93 686.415 32481.4
1733.93 686.415 32079.4
3780.1 697.486 33039.1
-353.899 697.486 33039.1
1779.1 1044.49 33039.1
1779.1 365.486 33039.1
1779.1 697.486 33245.1
1779.1 697.486 32915.1
3818.73 708.329 33671.4
-293.268 708.329 33671.4
1819.73 913.329 33671.4
1819.73 360.329 33671.4
1819.73 708.329 33806.4
1819.73 708.329 33422.4
3920.37 717.972 34268.4
-257.633 717.972 34268.4
1856.37 1017.97 34268.4
1856.37 381.972 34268.4
1856.37 717.972 34405.4
1856.37 717.972 34053.4
3954.59 726.078 34932.2
-233.41 726.078 34932.2
1889.59 1074.08 34932.2
1889.59 426.078 34932.2
1889.59 726.078 35074.2
1889.59 726.078 34796.2
3917.54 732.093 35675.6
-194.463 732.093 35675.6
1915.54 938.093 35675.6
1915.54 385.093 35675.6
1915.54 732.093 35816.6
1915.54 732.093 35462.6
3928.58 733.968 36427.4
-182.418 733.968 36427.4
1930.58 974.968 36427.4
1930.58 385.968 36427.4
1930.58 733.968 36567.4
1930.58 733.968 36353.4
3999.76 729.544 37984.6
-178.236 729.544 37984.6
1933.76 1028.54 37984.6
1933.76 729.544 37984.6
1933.76 729.544 38126.6
1933.76 729.544 37778.6
3986.45 725.324 38611.5
-183.554 725.324 38611.5
1926.45 921.324 38611.5
1926.45 382.324 38611.5
1926.45 725.324 38751.5
1926.45 725.324 38478.5
3942.05 718.093 39434.2
-358.946 718.093 39434.2
1913.05 1066.09 39434.2
1913.05 371.093 39434.2
1913.05 718.093 39576.2
1913.05 718.093 39302.2
3890.4 706.605 40864.2
-220.596 706.605 40864.2
1892.4 1005.61 40864.2
1892.4 373.605 40864.2
1892.4 706.605 40864.2
1892.4 706.605 40666.2
3885.94 701.92 41635.2
-247.062 701.92 41635.2
1883.94 1000.92 41635.2
1883.94 354.92 41635.2
1883.94 701.92 41773.2
1883.94 701.92 41438.2
3866.04 693.913 42473.5
-246.959 693.913 42473.5
1866.04 1026.91 42473.5
1866.04 345.913 42473.5
1866.04 693.913 42613.5
1866.04 693.913 42259.5
3921.53 685.157 43190.8
-268.474 685.157 43190.8
1844.53 1034.16 43190.8
1844.53 338.157 43190.8
1844.53 685.157 43333.8
1844.53 685.157 43056.8
4891.32 678.858 43931.3
-280.683 678.858 43931.3
1828.32 868.858 43931.3
1828.32 330.858 43931.3
1828.32 678.858 44073.3
1828.32 678.858 43666.3
3812.48 672.712 44677.8
-298.515 672.712 44677.8
1811.48 1020.71 44677.8
1811.48 373.712 44677.8
1811.48 672.712 44875.8
1811.48 672.712 44463.8
3853.28 673.295 45466.1
-305.725 673.295 45466.1
1808.28 990.295 45466.1
1808.28 339.295 45466.1
1808.28 673.295 45663.1
1808.28 673.295 45217.1
4146.26 670.735 46231.3
-314.737 670.735 46231.3
1798.26 986.735 46231.3
1798.26 371.735 46231.3
1798.26 670.735 46404.3
1798.26 670.735 45931.3
3783.61 666.745 47071.6
-325.394 666.745 47071.6
1784.61 871.745 47071.6
1784.61 319.745 47071.6
1784.61 666.745 47213.6
1784.61 666.745 46840.6
3811.75 660.423 47937.3
-345.249 660.423 47937.3
1764.75 1003.42 47937.3
1764.75 344.423 47937.3
1764.75 660.423 48152.3
1764.75 660.423 47803.3
3751.49 652.675 48698.7
-371.505 652.675 48698.7
1741.49 999.675 48698.7
1741.49 370.675 48698.7
1741.49 652.675 48840.7
1741.49 652.675 48565.7
4744.08 645.573 49555.6
-394.918 645.573 49555.6
1718.08 885.573 49555.6
1718.08 297.573 49555.6
1718.08 645.573 49698.6
1718.08 645.573 49255.6
3761 640.315 50428.1
-411.996 640.315 50428.1
1698 939.315 50428.1
1698 402.315 50428.1
1698 640.315 50623.1
1698 640.315 50222.1
3679.06 634.552 51234.4
-431.939 634.552 51234.4
1678.06 982.552 51234.4
1678.06 287.552 51234.4
1678.06 634.552 51431.4
1678.06 634.552 51114.4
3969.56 626.253 52139.2
-459.445 626.253 52139.2
1653.56 926.253 52139.2
1653.56 279.253 52139.2
1653.56 626.253 52282.2
1653.56 626.253 51857.2
3601.25 611.16 54027.1
-505.746 611.16 54027.1
1604.25 911.16 54027.1
1604.25 312.16 54027.1
1604.25 611.16 54027.1
1604.25 611.16 53812.1
3585.95 607.607 54925.7
-524.049 607.607 54925.7
1584.95 947.607 54925.7
1584.95 258.607 54925.7
1584.95 607.607 55067.7
1584.95 607.607 54694.7
3553.62 597.586 55835
-554.384 597.586 55835
1555.62 943.586 55835
1555.62 298.586 55835
1555.62 597.586 56067
1555.62 597.586 55638
3610.07 590.166 56733.9
-581.932 590.166 56733.9
1531.07 938.166 56733.9
1531.07 242.166 56733.9
1531.07 590.166 56875.9
1531.07 590.166 56600.9
4637.32 593.269 57732.8
-587.681 593.269 57732.8
1521.32 934.269 57732.8
1521.32 245.269 57732.8
1521.32 593.269 57875.8
1521.32 593.269 57450.8
3547.23 600.93 58680.2
-589.771 600.93 58680.2
1519.23 899.93 58680.2
1519.23 259.93 58680.2
1519.23 600.93 58822.2
1519.23 600.93 58474.2
3515.98 603.255 59605.3
-604.018 603.255 59605.3
1508.98 951.255 59605.3
1508.98 255.255 59605.3
1508.98 603.255 59747.3
1508.98 603.255 59472.3
3494.81 605.631 60595
-615.188 605.631 60595
1497.81 945.631 60595
1497.81 352.631 60595
1497.81 605.631 60738
1497.81 605.631 60464
3480.88 605.674 61415.7
-624.116 605.674 61415.7
1484.88 905.674 61415.7
1484.88 262.674 61415.7
1484.88 605.674 61556.7
1484.88 605.674 61202.7
3472.78 604.571 62364.3
-665.222 604.571 62364.3
1466.78 903.571 62364.3
1466.78 256.571 62364.3
1466.78 604.571 62507.3
1466.78 604.571 62065.3
3450.54 604.933 63249.3
-660.461 604.933 63249.3
1452.54 944.933 63249.3
1452.54 305.933 63249.3
1452.54 604.933 63580.3
1452.54 604.933 63118.3
3437.47 608.026 64259.9
-847.533 608.026 64259.9
1441.47 956.026 64259.9
1441.47 369.026 64259.9
1441.47 608.026 64541.9
1441.47 608.026 64064.9
3457.31 609.865 65241.1
-703.689 609.865 65241.1
1428.31 956.865 65241.1
1428.31 262.865 65241.1
1428.31 609.865 65383.1
1428.31 609.865 65110.1
3412.72 610.855 66292.1
-889.276 610.855 66292.1
1411.72 942.855 66292.1
1411.72 311.855 66292.1
1411.72 610.855 66574.1
1411.72 610.855 66079.1
3412.73 613.245 67163.1
-712.269 613.245 67163.1
1400.73 929.245 67163.1
1400.73 391.245 67163.1
1400.73 613.245 67395.1
1400.73 613.245 66941.1
3418.2 614.256 67914.3
1333.2 614.256 67914.3
1389.2 828.256 67914.3
1389.2 267.256 67914.3
1389.2 614.256 68055.3
1389.2 614.256 67781.3
3434.16 617.625 68759.3
-728.838 617.625 68759.3
1380.16 917.625 68759.3
1380.16 273.625 68759.3
1380.16 617.625 68900.3
1380.16 617.625 68511.3
3358.42 617.308 69839.2
-767.579 617.308 69839.2
1360.42 965.308 69839.2
1360.42 283.308 69839.2
1360.42 617.308 69979.2
1360.42 617.308 69706.2
3333.31 612.682 70730.6
-795.689 612.682 70730.6
1336.31 910.682 70730.6
1336.31 265.682 70730.6
1336.31 612.682 70870.6
1336.31 612.682 70482.6
3313.61 608.294 71621.8
-796.388 608.294 71621.8
1312.61 956.294 71621.8
1312.61 309.294 71621.8
1312.61 608.294 71853.8
1312.61 608.294 71356.8
3374.57 605.827 72321.7
1241.57 605.827 72321.7
1295.57 938.827 72321.7
1295.57 449.827 72321.7
1295.57 605.827 72464.7
1295.57 605.827 72115.7
3279.89 605.625 73369.6
-835.114 605.625 73369.6
1277.89 955.625 73369.6
1277.89 448.625 73369.6
1277.89 605.625 73511.6
1277.89 605.625 73052.6
3356.87 606.321 74389.5
-846.125 606.321 74389.5
1262.87 954.321 74389.5
1262.87 260.321 74389.5
1262.87 606.321 74586.5
1262.87 606.321 74257.5
3391.5 611.366 75395.1
-872.499 611.366 75395.1
1258.5 927.366 75395.1
1258.5 453.366 75395.1
1258.5 611.366 75538.1
1258.5 611.366 75112.1
3252.47 615.638 76345.5
-858.525 615.638 76345.5
1253.47 962.638 76345.5
1253.47 315.638 76345.5
1253.47 615.638 76577.5
1253.47 615.638 76131.5
3350.62 629.54 78434.2
-856.382 629.54 78434.2
1255.62 962.54 78434.2
1255.62 629.54 78434.2
1255.62 629.54 78577.2
1255.62 629.54 78227.2
3298.58 639.684 79383.7
-840.417 639.684 79383.7
1268.58 938.684 79383.7
1268.58 305.684 79383.7
1268.58 639.684 79525.7
1268.58 639.684 79167.7
3540.78 650.304 80428.9
-852.22 650.304 80428.9
1280.78 998.304 80428.9
1280.78 435.304 80428.9
1280.78 650.304 80843.9
1280.78 650.304 80128.9
3386.42 658.874 81381.9
-824.582 658.874 81381.9
1287.42 1095.87 81381.9
1287.42 310.874 81381.9
1287.42 658.874 81526.9
1287.42 658.874 81251.9
3307.38 672.422 82450.1
-798.622 672.422 82450.1
1310.38 1020.42 82450.1
1310.38 325.422 82450.1
1310.38 672.422 82595.1
1310.38 672.422 82185.1
3415.6 687.179 83486.2
-770.4 687.179 83486.2
1338.6 1033.18 83486.2
1338.6 348.179 83486.2
1338.6 687.179 83734.2
1338.6 687.179 83354.2
3660.38 699.08 84591.4
-781.623 699.08 84591.4
1349.38 999.08 84591.4
1349.38 352.08 84591.4
1349.38 699.08 84735.4
1349.38 699.08 84292.4
3333.39 707.245 85759.8
-779.614 707.245 85759.8
1337.39 1049.25 85759.8
1337.39 359.245 85759.8
1337.39 707.245 85902.8
1337.39 707.245 85494.8
3401.03 714.452 86853.5
-964.971 714.452 86853.5
1324.03 996.452 86853.5
1324.03 381.452 86853.5
1324.03 714.452 87135.5
1324.03 714.452 86648.5
3376.92 722.391 87952.9
-816.081 722.391 87952.9
1316.92 1069.39 87952.9
1316.92 440.391 87952.9
1316.92 722.391 88093.9
1316.92 722.391 87820.9
3308.54 729.97 88950.3
-800.458 729.97 88950.3
1311.54 936.97 88950.3
1311.54 381.97 88950.3
1311.54 729.97 89092.3
1311.54 729.97 88753.3
3311.78 740.2 90071.5
-796.224 740.2 90071.5
1315.78 1087.2 90071.5
1315.78 518.2 90071.5
1315.78 740.2 90303.5
1315.78 740.2 89771.5
3371.1 749.924 91095.9
-786.9 749.924 91095.9
1322.1 1065.92 91095.9
1322.1 401.924 91095.9
1322.1 749.924 91292.9
1322.1 749.924 90881.9
3631.34 761.796 92285.1
-800.657 761.796 92285.1
1331.34 1060.8 92285.1
1331.34 428.796 92285.1
1331.34 761.796 92622.1
1331.34 761.796 92003.1
3359.23 793.393 95199.5
-753.774 793.393 95199.5
1358.23 793.393 95199.5
1358.23 -1339.61 95199.5
1358.23 793.393 97332.5
1358.23 793.393 95072.5
3384.67 813.005 96622.5
-724.332 813.005 96622.5
1388.67 1393.01 96622.5
1388.67 -1208.99 96622.5
1388.67 813.005 98754.5
1388.67 813.005 96390.5
3409.27 830.267 97951.7
-698.727 830.267 97951.7
1413.27 2949.27 97951.7
1413.27 -1230.73 97951.7
1413.27 830.267 99995.7
1413.27 830.267 97736.7
3453.65 849.496 99400.8
1407.65 849.496 99400.8
1441.65 3097.5 99400.8
1441.65 -1190.5 99400.8
1441.65 849.496 101447
1441.65 849.496 99330.8
3453.63 866.081 100879
1389.63 866.081 100879
1457.63 3198.08 100879
1457.63 -831.919 100879
1457.63 866.081 102929
1457.63 866.081 100873
3551.28 881.022 102220
1422.28 881.022 102220
1472.28 2947.02 102220
1472.28 852.022 102220
1472.28 881.022 104262
1472.28 881.022 102217
3486.27 895.052 103562
1420.27 895.052 103562
1480.27 2935.05 103562
1480.27 866.052 103562
1480.27 895.052 105687
1480.27 895.052 103559
