2022-09-25
9.16624 -3.18911 184.001
-45.8338 -3.18911 184.001
0.166236 3701.81 184.001
0.166236 -239.189 184.001
0.166236 -3.18911 444.001
0.166236 -3.18911 181.001
8.94996 -7.74705 393.971
-53.05 -7.74705 393.971
-0.050037 3723.25 393.971
-0.050037 -155.747 393.971
-0.050037 -7.74705 653.971
-0.050037 -7.74705 390.971
5.95103 -10.8348 572.876
-46.049 -10.8348 572.876
-3.04897 3729.17 572.876
-3.04897 -245.835 572.876
-3.04897 -10.8348 818.876
-3.04897 -10.8348 563.876
3755.06 -33.083 878.558
-3965.94 -33.083 878.558
-31.9441 216.917 878.558
-31.9441 -180.083 878.558
-31.9441 -33.083 1082.56
-31.9441 -33.083 774.558
3667.53 -70.0741 1357.43
-4022.47 -70.0741 1357.43
-83.4657 168.926 1357.43
-83.4657 -211.074 1357.43
-83.4657 -70.0741 1556.43
-83.4657 -70.0741 1260.43
7104.53 -154.101 2007.15
-4113.47 -154.101 2007.15
-162.47 86.8988 2007.15
-162.47 -297.101 2007.15
-162.47 -154.101 2210.15
-162.47 -154.101 1907.15
3579 -186.067 2322.74
-4122 -186.067 2322.74
-197.996 57.9332 2322.74
-197.996 -329.067 2322.74
-197.996 -186.067 2527.74
-197.996 -186.067 2222.74
3589.46 -265.268 2905.74
-4277.54 -265.268 2905.74
-267.539 -33.2677 2905.74
-267.539 -403.268 2905.74
-267.539 -265.268 3101.74
-267.539 -265.268 2809.74
3414.48 -306.572 3536.79
-4298.52 -306.572 3536.79
-345.525 -62.572 3536.79
-345.525 -443.572 3536.79
-345.525 -306.572 3686.79
-345.525 -306.572 3438.79
6823.6 -335.791 3865
-4579.4 -335.791 3865
-382.405 -86.7909 3865
-382.405 -469.791 3865
-382.405 -335.791 4016
-382.405 -335.791 3768
3373.45 -413.3 4600.32
-4468.55 -413.3 4600.32
-456.552 -170.3 4600.32
-456.552 -552.3 4600.32
-456.552 -413.3 4749.32
-456.552 -413.3 4503.32
6720.09 -495.321 5392.14
-4757.91 -495.321 5392.14
-525.91 -253.321 5392.14
-525.91 -636.321 5392.14
-525.91 -495.321 5585.14
-525.91 -495.321 5294.14
3158.03 -565.734 6020.94
-4633.97 -565.734 6020.94
-576.974 -329.734 6020.94
-576.974 -689.734 6020.94
-576.974 -565.734 6209.94
-576.974 -565.734 5924.94
3160.6 -626.367 6676.7
-4644.4 -626.367 6676.7
-641.401 -391.367 6676.7
-641.401 -749.367 6676.7
-641.401 -626.367 6867.7
-641.401 -626.367 6584.7
3081.83 -708.746 7357.67
-725.173 -708.746 7357.67
-698.173 -473.746 7357.67
-698.173 -831.746 7357.67
-698.173 -708.746 7545.67
-698.173 -708.746 7263.67
2973.18 -792.967 8477.3
-4563.82 -792.967 8477.3
-812.823 -640.967 8477.3
-812.823 -926.967 8477.3
-812.823 -792.967 8672.3
-812.823 -792.967 8382.3
2871.26 -879.154 9381.25
-916.744 -879.154 9381.25
-900.744 -640.154 9381.25
-900.744 -1011.15 9381.25
-900.744 -879.154 9574.25
-900.744 -879.154 9287.25
2845.72 -907.186 9741.57
-4894.28 -907.186 9741.57
-937.285 -666.186 9741.57
-937.285 -1039.19 9741.57
-937.285 -907.186 9886.57
-937.285 -907.186 9648.57
-835.069 -1076.38 10902.2
-4757.07 -1076.38 10902.2
-1022.07 -927.378 10902.2
-1022.07 -1266.38 10902.2
-1022.07 -1076.38 11046.2
-1022.07 -1076.38 10807.2
-964.493 -1191.63 11751
-4773.49 -1191.63 11751
-1083.49 -999.629 11751
-1083.49 -4880.63 11751
-1083.49 -1191.63 11952
-1083.49 -1191.63 11656
-1018.95 -1298.58 13155
-5139.95 -1298.58 13155
-1146.95 -1151.58 13155
-1146.95 -1492.58 13155
-1146.95 -1298.58 13360
-1146.95 -1298.58 13061
-1175.59 -1442.15 14637.1
-4945.59 -1442.15 14637.1
-1231.59 -1295.15 14637.1
-1231.59 -5387.15 14637.1
-1231.59 -1442.15 14783.1
-1231.59 -1442.15 14541.1
-1213.48 -1487.59 15105.5
-5219.48 -1487.59 15105.5
-1259.48 -1340.59 15105.5
-1259.48 -1765.59 15105.5
-1259.48 -1487.59 15247.5
-1259.48 -1487.59 15009.5
-1264.57 -1556.69 16085.1
-1340.57 -1556.69 16085.1
-1313.57 -1411.69 16085.1
-1313.57 -1749.69 16085.1
-1313.57 -1556.69 16287.1
-1313.57 -1556.69 15987.1
-1217.31 -1606.28 16903.5
-1383.31 -1606.28 16903.5
-1356.31 -1457.28 16903.5
-1356.31 -1747.28 16903.5
-1356.31 -1606.28 17033.5
-1356.31 -1606.28 16801.5
2363.04 -1715.57 18392.5
-5409.96 -1715.57 18392.5
-1433.96 -1480.57 18392.5
-1433.96 -1844.57 18392.5
-1433.96 -1715.57 18590.5
-1433.96 -1715.57 18290.5
2396.94 -1761.82 19093.4
-5251.06 -1761.82 19093.4
-1468.06 -1609.82 19093.4
-1468.06 -1902.82 19093.4
-1468.06 -1761.82 19295.4
-1468.06 -1761.82 18992.4
2284.28 -1781.02 19601.5
-5492.72 -1781.02 19601.5
-1489.72 -1539.02 19601.5
-1489.72 -1910.02 19601.5
-1489.72 -1781.02 19746.5
-1489.72 -1781.02 19497.5
5747.84 -1841.99 20771.6
-5575.16 -1841.99 20771.6
-1531.16 -1605.99 20771.6
-1531.16 -1988.99 20771.6
-1531.16 -1841.99 20972.6
-1531.16 -1841.99 20668.6
2256.01 -1903.36 22212.9
-5382.99 -1903.36 22212.9
-1583.99 -1618.36 22212.9
-1583.99 -2048.36 22212.9
-1583.99 -1903.36 22440.9
-1583.99 -1903.36 22121.9
2167.03 -1952.74 23683.8
-1681.97 -1952.74 23683.8
-1638.97 -1654.74 23683.8
-1638.97 -2169.74 23683.8
-1638.97 -1952.74 27470.8
-1638.97 -1952.74 23675.8
