2022-09-25
519 0 0
-64 0 0
0 179 0
0 -181 0
0 0 257
0 0 -3
517 0 0
0 0 0
0 180 0
0 -246 0
0 0 259
0 0 -3
534 0 0
-65 0 0
0 237 0
0 -178 0
0 0 258
0 0 -3
517 0 0
-53 0 0
0 246 0
0 -178 0
0 0 236
0 0 0
377 0 0
-149 0 0
0 246 0
0 -179 0
0 0 246
0 0 -36
915 0 0
-62 0 0
0 246 0
0 -237 0
0 0 246
0 0 -44
483 0 0
-69 0 0
0 176 0
0 -182 0
0 0 246
0 0 -132
509 0 0
-115 0 0
0 176 0
0 -183 0
0 0 155
0 0 -115
693 0 0
-115 0 0
0 175 0
0 -183 0
0 0 183
0 0 -150
530 0 0
-132 0 0
0 177 0
0 -184 0
0 0 132
0 0 -149
353 0 0
-62 0 0
0 246 0
0 -246 0
0 0 126
0 0 -132
452 0 0
-115 0 0
0 183 0
0 -246 0
0 0 126
0 0 -132
699 0 0
-98 0 0
0 176 0
0 -184 0
0 0 149
0 0 -184
399 0 0
-64 0 0
0 176 0
0 -240 0
0 0 127
0 0 -132
486 0 0
-98 0 0
0 186 0
0 -166 0
0 0 149
0 0 -149
433 0 0
-98 0 0
0 205 0
0 -149 0
0 0 377
0 0 -388
455 0 0
-58 0 0
0 227 0
0 -119 0
0 0 128
0 0 -132
453 0 0
-87 0 0
0 259 0
0 -87 0
0 0 130
0 0 -130
530 0 0
-67 0 0
0 284 0
0 -68 0
0 0 128
0 0 -149
567 0 0
-58 0 0
0 296 0
0 -62 0
0 0 124
0 0 -166
553 0 0
-61 0 0
0 297 0
0 -62 0
0 0 104
0 0 -142
529 0 0
-61 0 0
0 325 0
0 -63 0
0 0 79
0 0 -167
139 0 0
-149 0 0
0 296 0
0 -115 0
0 0 149
0 0 -246
432 0 0
-58 0 0
0 297 0
0 -64 0
0 0 68
0 0 -244
136 0 0
-63 0 0
0 294 0
0 -65 0
0 0 68
0 0 -246
133 0 0
-62 0 0
0 294 0
0 -66 0
0 0 65
0 0 -246
131 0 0
-58 0 0
0 292 0
0 0 0
0 0 65
0 0 -246
382 0 0
-57 0 0
0 290 0
0 -149 0
0 0 119
0 0 -151
470 0 0
-68 0 0
0 295 0
0 -115 0
0 0 153
0 0 -125
523 0 0
-99 0 0
0 292 0
0 -149 0
0 0 246
0 0 -91
552 0 0
-70 0 0
0 292 0
0 -104 0
0 0 246
0 0 -149
453 0 0
-115 0 0
0 293 0
0 -98 0
0 0 211
0 0 -50
434 0 0
-116 0 0
0 292 0
0 -67 0
0 0 205
0 0 -53
1264 0 0
-98 0 0
0 291 0
0 -66 0
0 0 190
0 0 -62
122 0 0
-62 0 0
0 292 0
0 -68 0
0 0 246
0 0 -83
1242 0 0
-98 0 0
0 290 0
0 -149 0
0 0 138
0 0 -118
434 0 0
-59 0 0
0 279 0
0 -94 0
0 0 135
0 0 -132
1262 0 0
-62 0 0
0 250 0
0 -118 0
0 0 135
0 0 -150
512 0 0
-61 0 0
0 228 0
0 -141 0
0 0 133
0 0 -396
398 0 0
-60 0 0
0 246 0
0 -155 0
0 0 131
0 0 -128
434 0 0
-66 0 0
0 199 0
0 -243 0
0 0 131
0 0 -149
1116 0 0
-150 0 0
0 246 0
0 -168 0
0 0 132
0 0 -132
433 0 0
0 0 0
0 192 0
0 -246 0
0 0 71
0 0 -148
542 0 0
-59 0 0
0 193 0
0 -201 0
0 0 63
0 0 -192
414 0 0
-58 0 0
0 246 0
0 -250 0
0 0 149
0 0 -197
453 0 0
-58 0 0
0 192 0
0 -165 0
0 0 98
0 0 -182
399 0 0
-76 0 0
0 193 0
0 -201 0
0 0 118
0 0 -250
510 0 0
-67 0 0
0 668 0
0 -297 0
0 0 297
0 0 -121
642 0 0
-65 0 0
0 297 0
0 -297 0
0 0 312
0 0 -74
555 0 0
-69 0 0
0 297 0
0 -297 0
0 0 297
0 0 -45
2114 0 0
-82 0 0
0 297 0
0 -297 0
0 0 249
0 0 -310
851 0 0
-62 0 0
0 297 0
0 -196 0
0 0 143
0 0 -91
561 0 0
-199 0 0
0 249 0
0 -185 0
0 0 115
0 0 -134
597 0 0
-62 0 0
0 249 0
0 -297 0
0 0 215
0 0 -145
590 0 0
-197 0 0
0 266 0
0 -296 0
0 0 113
0 0 -145
429 0 0
-62 0 0
0 249 0
0 -244 0
0 0 111
0 0 -147
147 0 0
-64 0 0
0 103 0
0 -297 0
0 0 109
0 0 -148
620 0 0
-61 0 0
0 84 0
0 -297 0
0 0 107
0 0 -150
137 0 0
-66 0 0
0 355 0
0 -297 0
0 0 198
0 0 -232
137 0 0
-64 0 0
0 164 0
0 -297 0
0 0 109
0 0 -197
138 0 0
-62 0 0
0 79 0
0 -297 0
0 0 107
0 0 -199
136 0 0
-62 0 0
0 79 0
0 -279 0
0 0 111
0 0 -267
136 0 0
-164 0 0
0 79 0
0 -297 0
0 0 122
0 0 -144
137 0 0
-63 0 0
0 76 0
0 -297 0
0 0 266
0 0 -198
142 0 0
-63 0 0
0 75 0
0 -316 0
0 0 297
0 0 -107
141 0 0
-67 0 0
0 73 0
0 -297 0
0 0 297
0 0 -92
138 0 0
-64 0 0
0 75 0
0 -297 0
0 0 292
0 0 -146
135 0 0
-65 0 0
0 77 0
0 -297 0
0 0 205
0 0 -65
133 0 0
-61 0 0
0 75 0
0 -349 0
0 0 297
0 0 -53
136 0 0
-106 0 0
0 75 0
0 -297 0
0 0 297
0 0 -45
604 0 0
-65 0 0
0 184 0
0 -297 0
0 0 297
0 0 -42
135 0 0
-65 0 0
0 74 0
0 -296 0
0 0 297
0 0 -164
135 0 0
-65 0 0
0 351 0
0 -283 0
0 0 266
0 0 -198
134 0 0
-63 0 0
0 76 0
0 -284 0
0 0 149
0 0 -97
135 0 0
-64 0 0
0 75 0
0 -284 0
0 0 123
0 0 -123
133 0 0
-60 0 0
0 74 0
0 -296 0
0 0 232
0 0 -148
642 0 0
-198 0 0
0 74 0
0 -585 0
0 0 87
0 0 -297
126 0 0
-58 0 0
0 72 0
0 -297 0
0 0 78
0 0 -232
111 0 0
-57 0 0
0 73 0
0 -297 0
0 0 74
0 0 -214
122 0 0
-56 0 0
0 73 0
0 -297 0
0 0 75
0 0 -185
116 0 0
-74 0 0
0 75 0
0 -549 0
0 0 77
0 0 -290
123 0 0
-56 0 0
0 79 0
0 -276 0
0 0 78
0 0 -283
116 0 0
-101 0 0
0 76 0
0 -295 0
0 0 76
0 0 -266
566 0 0
-283 0 0
0 77 0
0 -297 0
0 0 77
0 0 -297
592 0 0
-198 0 0
0 79 0
0 -294 0
0 0 74
0 0 -297
582 0 0
-72 0 0
0 77 0
0 -297 0
0 0 64
0 0 -227
558 0 0
-77 0 0
0 65 0
0 -297 0
0 0 59
0 0 -297
598 0 0
-59 0 0
0 65 0
0 -292 0
0 0 64
0 0 -296
595 0 0
-59 0 0
0 66 0
0 -297 0
0 0 215
0 0 -1107
559 0 0
-59 0 0
0 66 0
0 -568 0
0 0 89
0 0 -297
595 0 0
-198 0 0
0 147 0
0 -297 0
0 0 352
0 0 -152
68 0 0
-59 0 0
0 68 0
0 -282 0
0 0 103
0 0 -236
69 0 0
-77 0 0
0 69 0
0 -297 0
0 0 115
0 0 -137
598 0 0
-60 0 0
0 68 0
0 -282 0
0 0 127
0 0 -124
561 0 0
-64 0 0
0 66 0
0 -296 0
0 0 266
0 0 -354
64 0 0
-68 0 0
0 64 0
0 -297 0
0 0 266
0 0 -96
595 0 0
-64 0 0
0 63 0
0 -296 0
0 0 249
0 0 -82
501 0 0
-69 0 0
0 66 0
0 -297 0
0 0 297
0 0 -74
82 0 0
-230 0 0
0 67 0
0 -298 0
0 0 339
0 0 -74
81 0 0
-70 0 0
0 213 0
0 -298 0
0 0 348
0 0 -74
80 0 0
-70 0 0
0 70 0
0 -298 0
0 0 196
0 0 -247
671 0 0
-63 0 0
0 371 0
0 -348 0
0 0 331
0 0 -84
587 0 0
-65 0 0
0 102 0
0 -348 0
0 0 269
0 0 -86
485 0 0
0 0 0
0 114 0
0 -332 0
0 0 298
0 0 -86
674 0 0
-65 0 0
0 157 0
0 -348 0
0 0 231
0 0 -89
587 0 0
-63 0 0
0 213 0
0 -144 0
0 0 153
0 0 -89
2026 0 0
-60 0 0
0 331 0
0 -263 0
0 0 239
0 0 -196
607 0 0
-67 0 0
0 206 0
0 -331 0
0 0 213
0 0 -95
620 0 0
-59 0 0
0 0 0
0 -213 0
0 0 196
0 0 -97
624 0 0
-64 0 0
0 332 0
0 -331 0
0 0 101
0 0 -196
615 0 0
-66 0 0
0 264 0
0 -315 0
0 0 196
0 0 -160
624 0 0
-58 0 0
0 342 0
0 -263 0
0 0 357
0 0 -281
627 0 0
-57 0 0
0 315 0
0 -196 0
0 0 78
0 0 -347
554 0 0
-58 0 0
0 221 0
0 -331 0
0 0 73
0 0 -298
577 0 0
-57 0 0
0 281 0
0 -348 0
0 0 78
0 0 -196
822 0 0
-61 0 0
0 331 0
0 0 0
0 0 82
0 0 -281
611 0 0
-56 0 0
0 348 0
0 -298 0
0 0 102
0 0 -281
1306 0 0
-55 0 0
0 297 0
0 -107 0
0 0 246
0 0 -348
682 0 0
-64 0 0
0 332 0
0 -213 0
0 0 90
0 0 -187
1361 0 0
-55 0 0
0 283 0
0 -75 0
0 0 195
0 0 -331
595 0 0
-59 0 0
0 348 0
0 -74 0
0 0 313
0 0 -264
679 0 0
-56 0 0
0 297 0
0 -196 0
0 0 230
0 0 -348
622 0 0
-56 0 0
0 340 0
0 -76 0
0 0 196
0 0 -281
520 0 0
-55 0 0
0 298 0
0 -196 0
0 0 104
0 0 -221
623 0 0
-55 0 0
0 348 0
0 -74 0
0 0 247
0 0 -145
642 0 0
-57 0 0
0 338 0
0 -74 0
0 0 142
0 0 -299
524 0 0
-56 0 0
0 348 0
0 -73 0
0 0 342
0 0 -106
2030 0 0
-196 0 0
0 286 0
0 -73 0
0 0 230
0 0 -75
505 0 0
-60 0 0
0 348 0
0 -76 0
0 0 0
0 0 -60
662 0 0
-213 0 0
0 348 0
0 -74 0
0 0 298
0 0 -113
682 0 0
-57 0 0
0 341 0
0 -70 0
0 0 196
0 0 -264
525 0 0
-54 0 0
0 298 0
0 -196 0
0 0 105
0 0 -187
628 0 0
-59 0 0
0 348 0
0 -82 0
0 0 230
0 0 -147
686 0 0
-55 0 0
0 349 0
0 -264 0
0 0 110
0 0 -264
590 0 0
-59 0 0
0 315 0
0 -107 0
0 0 107
0 0 -196
0 0 0
-213 0 0
0 290 0
0 -107 0
0 0 68
0 0 -281
1393 0 0
-58 0 0
0 290 0
0 -107 0
0 0 67
0 0 -298
520 0 0
-56 0 0
0 298 0
0 -230 0
0 0 75
0 0 -204
1383 0 0
-58 0 0
0 535 0
0 -108 0
0 0 88
0 0 -348
641 0 0
-67 0 0
0 285 0
0 -196 0
0 0 100
0 0 -342
671 0 0
-67 0 0
0 347 0
0 -82 0
0 0 264
0 0 -151
676 0 0
-64 0 0
0 340 0
0 -66 0
0 0 213
0 0 -281
537 0 0
-64 0 0
0 332 0
0 -58 0
0 0 348
0 0 -188
924 0 0
-70 0 0
0 298 0
0 -57 0
0 0 230
0 0 -66
676 0 0
-66 0 0
0 446 0
0 -63 0
0 0 348
0 0 -65
772 0 0
-66 0 0
0 213 0
0 -93 0
0 0 348
0 0 -68
0 0 0
-64 0 0
0 132 0
0 -336 0
0 0 230
0 0 -73
721 0 0
-63 0 0
0 115 0
0 -348 0
0 0 264
0 0 -77
581 0 0
-71 0 0
0 196 0
0 -298 0
0 0 160
0 0 -88
1624 0 0
-63 0 0
0 112 0
0 -447 0
0 0 230
0 0 -281
485 0 0
-64 0 0
0 113 0
0 -348 0
0 0 103
0 0 -147
219 0 0
-62 0 0
0 298 0
0 -338 0
0 0 230
0 0 -281
573 0 0
-61 0 0
0 115 0
0 -298 0
0 0 0
0 0 -230
587 0 0
-57 0 0
0 298 0
0 -298 0
0 0 230
0 0 -348
673 0 0
-97 0 0
0 151 0
0 -298 0
0 0 102
0 0 -281
630 0 0
-67 0 0
0 298 0
0 -298 0
0 0 230
0 0 -348
636 0 0
-54 0 0
0 112 0
0 -246 0
0 0 247
0 0 -281
591 0 0
-65 0 0
0 282 0
0 -252 0
0 0 71
0 0 -188
556 0 0
-54 0 0
0 281 0
0 -257 0
0 0 76
0 0 -348
611 0 0
-55 0 0
0 101 0
0 -337 0
0 0 264
0 0 -298
644 0 0
-57 0 0
0 98 0
0 -298 0
0 0 153
0 0 -204
628 0 0
-58 0 0
0 95 0
0 -281 0
0 0 213
0 0 -114
524 0 0
-69 0 0
0 187 0
0 -348 0
0 0 156
0 0 -281
661 0 0
-62 0 0
0 213 0
0 -315 0
0 0 348
0 0 -90
218 0 0
-65 0 0
0 196 0
0 -281 0
0 0 348
0 0 -73
148 0 0
-196 0 0
0 213 0
0 -298 0
0 0 298
0 0 -64
679 0 0
-230 0 0
0 96 0
0 -349 0
0 0 298
0 0 -71
611 0 0
-62 0 0
0 94 0
0 -348 0
0 0 141
0 0 -196
236 0 0
-61 0 0
0 102 0
0 -446 0
0 0 231
0 0 -281
631 0 0
-196 0 0
0 102 0
0 -2049 0
0 0 119
0 0 -281
126 0 0
-62 0 0
0 0 0
0 -2107 0
0 0 108
0 0 -143
184 0 0
-61 0 0
0 42 0
0 -298 0
0 0 231
0 0 -281
98 0 0
-247 0 0
0 41 0
0 -2045 0
0 0 108
0 0 -95
151 0 0
-59 0 0
0 40 0
0 -2054 0
0 0 230
0 0 -285
572 0 0
-196 0 0
0 213 0
0 -2049 0
0 0 348
0 0 -78
542 0 0
-247 0 0
0 39 0
0 -348 0
0 0 115
0 0 -79
93 0 0
-64 0 0
0 38 0
0 -348 0
0 0 122
0 0 -62
828 0 0
-64 0 0
0 38 0
0 -247 0
0 0 121
0 0 -230
677 0 0
-63 0 0
0 38 0
0 -348 0
0 0 119
0 0 -64
93 0 0
-63 0 0
0 40 0
0 -2116 0
0 0 0
0 0 -68
95 0 0
-60 0 0
0 39 0
0 -2050 0
0 0 230
0 0 -98
544 0 0
-153 0 0
0 40 0
0 -580 0
0 0 298
0 0 -111
96 0 0
-247 0 0
0 41 0
0 -2133 0
0 0 298
0 0 -91
96 0 0
-65 0 0
0 42 0
0 -2122 0
0 0 230
0 0 -105
97 0 0
-59 0 0
0 198 0
0 -2279 0
0 0 86
0 0 -107
98 0 0
-57 0 0
0 42 0
0 -348 0
0 0 71
0 0 -118
150 0 0
-197 0 0
0 100 0
0 -264 0
0 0 63
0 0 -128
586 0 0
-73 0 0
0 97 0
0 -251 0
0 0 54
0 0 -135
116 0 0
-53 0 0
0 97 0
0 -348 0
0 0 63
0 0 -134
122 0 0
-54 0 0
0 99 0
0 -2065 0
0 0 247
0 0 -126
184 0 0
-59 0 0
0 50 0
0 -281 0
0 0 230
0 0 -298
118 0 0
-54 0 0
0 59 0
0 -348 0
0 0 73
0 0 -131
625 0 0
-53 0 0
0 72 0
0 -348 0
0 0 71
0 0 -337
201 0 0
0 0 0
0 93 0
0 -153 0
0 0 71
0 0 -281
118 0 0
-53 0 0
0 204 0
0 -143 0
0 0 230
0 0 -347
118 0 0
-57 0 0
0 316 0
0 -138 0
0 0 117
0 0 0
575 0 0
0 0 0
0 134 0
0 -298 0
0 0 298
0 0 -132
706 0 0
-63 0 0
0 548 0
0 -148 0
0 0 348
0 0 -61
670 0 0
-45 0 0
0 247 0
0 -281 0
0 0 348
0 0 -48
836 0 0
-52 0 0
0 126 0
0 -298 0
0 0 298
0 0 -53
673 0 0
-67 0 0
0 136 0
0 -124 0
0 0 348
0 0 -59
637 0 0
-69 0 0
0 332 0
0 -96 0
0 0 348
0 0 -64
914 0 0
-76 0 0
0 196 0
0 -75 0
0 0 213
0 0 -67
674 0 0
-61 0 0
0 344 0
0 -195 0
0 0 212
0 0 -71
553 0 0
-60 0 0
0 332 0
0 -53 0
0 0 339
0 0 -76
524 0 0
-57 0 0
0 221 0
0 -51 0
0 0 148
0 0 -97
816 0 0
-65 0 0
0 298 0
0 -50 0
0 0 230
0 0 -281
520 0 0
-57 0 0
0 348 0
0 -51 0
0 0 89
0 0 -281
593 0 0
-213 0 0
0 315 0
0 -196 0
0 0 79
0 0 -348
581 0 0
-58 0 0
0 226 0
0 -53 0
0 0 215
0 0 -281
541 0 0
-52 0 0
0 298 0
0 -213 0
0 0 79
0 0 -187
628 0 0
-213 0 0
0 301 0
0 -348 0
0 0 81
0 0 -348
688 0 0
-51 0 0
0 247 0
0 -213 0
0 0 213
0 0 -298
626 0 0
-50 0 0
0 315 0
0 -247 0
0 0 67
0 0 -204
646 0 0
-53 0 0
0 264 0
0 -281 0
0 0 213
0 0 -348
682 0 0
-56 0 0
0 332 0
0 -348 0
0 0 196
0 0 -265
1370 0 0
-212 0 0
0 298 0
0 -2047 0
0 0 281
0 0 -332
562 0 0
-63 0 0
0 230 0
0 -2049 0
0 0 151
0 0 -106
576 0 0
-67 0 0
0 347 0
0 -2045 0
0 0 238
0 0 -79
683 0 0
-68 0 0
0 338 0
0 -2052 0
0 0 347
0 0 -75
136 0 0
-71 0 0
0 213 0
0 -2123 0
0 0 213
0 0 -80
557 0 0
-64 0 0
0 213 0
0 -298 0
0 0 231
0 0 -86
219 0 0
-62 0 0
0 213 0
0 -204 0
0 0 230
0 0 -86
623 0 0
-69 0 0
0 120 0
0 -345 0
0 0 230
0 0 -90
637 0 0
-61 0 0
0 196 0
0 -348 0
0 0 139
0 0 -91
209 0 0
-65 0 0
0 94 0
0 -2049 0
0 0 213
0 0 -281
559 0 0
-62 0 0
0 196 0
0 -2248 0
0 0 84
0 0 -134
591 0 0
-56 0 0
0 96 0
0 -2082 0
0 0 212
0 0 -281
526 0 0
-52 0 0
0 93 0
0 -340 0
0 0 213
0 0 -348
612 0 0
-52 0 0
0 87 0
0 -348 0
0 0 56
0 0 -187
591 0 0
-195 0 0
0 88 0
0 -230 0
0 0 72
0 0 -348
150 0 0
-51 0 0
0 88 0
0 -346 0
0 0 247
0 0 -281
621 0 0
-50 0 0
0 86 0
0 -291 0
0 0 76
0 0 -196
523 0 0
-55 0 0
0 85 0
0 -337 0
0 0 247
0 0 -348
115 0 0
-52 0 0
0 83 0
0 -2083 0
0 0 113
0 0 -161
112 0 0
-62 0 0
0 82 0
0 -2052 0
0 0 230
0 0 -264
573 0 0
-64 0 0
0 196 0
0 -2390 0
0 0 348
0 0 -101
625 0 0
-196 0 0
0 84 0
0 -2045 0
0 0 335
0 0 -70
485 0 0
-196 0 0
0 196 0
0 -334 0
0 0 315
0 0 -62
108 0 0
-213 0 0
0 96 0
0 -298 0
0 0 238
0 0 -65
59 0 0
-65 0 0
0 230 0
0 -2049 0
0 0 332
0 0 -64
58 0 0
-60 0 0
0 144 0
0 -2125 0
0 0 230
0 0 -68
539 0 0
-60 0 0
0 254 0
0 -213 0
0 0 348
0 0 -68
55 0 0
-58 0 0
0 348 0
0 -149 0
0 0 213
0 0 -72
56 0 0
-59 0 0
0 219 0
0 -2333 0
0 0 348
0 0 -71
54 0 0
-61 0 0
0 348 0
0 -2133 0
0 0 231
0 0 -73
534 0 0
-54 0 0
0 255 0
0 -2274 0
0 0 196
0 0 -73
564 0 0
-62 0 0
0 336 0
0 -2066 0
0 0 441
0 0 -247
128 0 0
-55 0 0
0 475 0
0 -2133 0
0 0 196
0 0 -79
201 0 0
-67 0 0
0 316 0
0 -2122 0
0 0 230
0 0 -91
587 0 0
-56 0 0
0 277 0
0 -2048 0
0 0 247
0 0 -105
536 0 0
-136 0 0
0 277 0
0 -2049 0
0 0 104
0 0 -126
553 0 0
-54 0 0
0 348 0
0 -2202 0
0 0 85
0 0 -137
559 0 0
-59 0 0
0 2131 0
0 -281 0
0 0 230
0 0 -247
130 0 0
-65 0 0
0 343 0
0 -348 0
0 0 83
0 0 -348
592 0 0
-50 0 0
0 298 0
0 -2046 0
0 0 50
0 0 -204
135 0 0
-71 0 0
0 348 0
0 -2133 0
0 0 45
0 0 -348
133 0 0
-51 0 0
0 545 0
0 -139 0
0 0 230
0 0 -314
127 0 0
-230 0 0
0 298 0
0 -230 0
0 0 67
0 0 -254
1343 0 0
-50 0 0
0 224 0
0 -348 0
0 0 68
0 0 -350
612 0 0
-80 0 0
0 298 0
0 -3085 0
0 0 70
0 0 -335
610 0 0
-59 0 0
0 315 0
0 -230 0
0 0 81
0 0 -336
663 0 0
-54 0 0
0 298 0
0 -230 0
0 0 94
0 0 -348
130 0 0
-49 0 0
0 348 0
0 -224 0
0 0 196
0 0 -157
580 0 0
-48 0 0
0 298 0
0 -335 0
0 0 298
0 0 -170
666 0 0
-213 0 0
0 348 0
0 -348 0
0 0 122
0 0 -136
122 0 0
-42 0 0
0 152 0
0 -348 0
0 0 123
0 0 -137
123 0 0
-54 0 0
0 135 0
0 -348 0
0 0 123
0 0 -136
184 0 0
-96 0 0
0 297 0
0 -2106 0
0 0 121
0 0 -281
122 0 0
-43 0 0
0 86 0
0 -2046 0
0 0 247
0 0 -138
506 0 0
-230 0 0
0 59 0
0 -341 0
0 0 117
0 0 -141
124 0 0
-46 0 0
0 53 0
0 -547 0
0 0 281
0 0 -148
587 0 0
-62 0 0
0 53 0
0 -348 0
0 0 0
0 0 -281
625 0 0
-230 0 0
0 53 0
0 -232 0
0 0 66
0 0 -348
117 0 0
-107 0 0
0 71 0
0 -478 0
0 0 70
0 0 -348
117 0 0
-196 0 0
0 95 0
0 -348 0
0 0 70
0 0 -348
626 0 0
-63 0 0
0 116 0
0 -213 0
0 0 71
0 0 -340
630 0 0
-213 0 0
0 298 0
0 -144 0
0 0 70
0 0 -348
113 0 0
-43 0 0
0 187 0
0 -123 0
0 0 70
0 0 -348
112 0 0
-101 0 0
0 298 0
0 -230 0
0 0 70
0 0 -342
626 0 0
-89 0 0
0 348 0
0 -230 0
0 0 69
0 0 -129
111 0 0
-42 0 0
0 298 0
0 -170 0
0 0 247
0 0 -348
618 0 0
-44 0 0
0 348 0
0 -2083 0
0 0 136
0 0 -264
114 0 0
-60 0 0
0 340 0
0 -2132 0
0 0 213
0 0 -315
112 0 0
-47 0 0
0 348 0
0 -2045 0
0 0 230
0 0 -157
555 0 0
-61 0 0
0 348 0
0 -2049 0
0 0 213
0 0 -138
105 0 0
-61 0 0
0 348 0
0 -315 0
0 0 336
0 0 0
80 0 0
-63 0 0
0 247 0
0 -108 0
0 0 348
0 0 -59
79 0 0
-60 0 0
0 265 0
0 -2045 0
0 0 247
0 0 -73
555 0 0
-50 0 0
0 299 0
0 -3158 0
0 0 125
0 0 -213
103 0 0
-50 0 0
0 332 0
0 -2049 0
0 0 353
0 0 0
114 0 0
-50 0 0
0 341 0
0 -2133 0
0 0 230
0 0 -348
116 0 0
-51 0 0
0 332 0
0 -2049 0
0 0 247
0 0 -348
539 0 0
-56 0 0
0 302 0
0 -2045 0
0 0 230
0 0 -339
766 0 0
-58 0 0
0 348 0
0 -2049 0
0 0 125
0 0 -134
493 0 0
-60 0 0
0 332 0
0 -2333 0
0 0 337
0 0 -187
773 0 0
-62 0 0
0 348 0
0 -2066 0
0 0 254
0 0 -79
106 0 0
-54 0 0
0 306 0
0 -2049 0
0 0 247
0 0 -264
535 0 0
-58 0 0
0 348 0
0 -2616 0
0 0 100
0 0 -146
107 0 0
-56 0 0
0 348 0
0 -2045 0
0 0 95
0 0 -144
96 0 0
-60 0 0
0 330 0
0 -2050 0
0 0 117
0 0 -144
72 0 0
-54 0 0
0 348 0
0 -2124 0
0 0 264
0 0 -144
623 0 0
-54 0 0
0 31 0
0 -29 0
0 0 104
0 0 -135
141 0 0
-56 0 0
0 332 0
0 -24 0
0 0 230
0 0 -138
553 0 0
-49 0 0
0 348 0
0 -23 0
0 0 326
0 0 -315
99 0 0
-52 0 0
0 348 0
0 -196 0
0 0 100
0 0 -145
81 0 0
-53 0 0
0 348 0
0 -73 0
0 0 247
0 0 -281
649 0 0
-54 0 0
0 348 0
0 -77 0
0 0 229
0 0 -281
528 0 0
-53 0 0
0 298 0
0 -230 0
0 0 72
0 0 -332
201 0 0
-50 0 0
0 2059 0
0 -73 0
0 0 91
0 0 -264
142 0 0
-213 0 0
0 348 0
0 -81 0
0 0 103
0 0 -116
111 0 0
-45 0 0
0 447 0
0 -75 0
0 0 119
0 0 -105
491 0 0
-51 0 0
0 298 0
0 -196 0
0 0 146
0 0 -187
61 0 0
-59 0 0
0 213 0
0 -74 0
0 0 348
0 0 -90
544 0 0
-55 0 0
0 230 0
0 -78 0
0 0 348
0 0 -77
0 0 0
-49 0 0
0 87 0
0 -281 0
0 0 213
0 0 -91
44 0 0
-58 0 0
0 105 0
0 -104 0
0 0 213
0 0 -213
543 0 0
-196 0 0
0 97 0
0 -196 0
0 0 131
0 0 -281
67 0 0
-113 0 0
0 78 0
0 -128 0
0 0 0
0 0 -103
112 0 0
-55 0 0
0 348 0
0 -213 0
0 0 78
0 0 -110
605 0 0
-55 0 0
0 115 0
0 -281 0
0 0 213
0 0 -123
106 0 0
-54 0 0
0 378 0
0 -348 0
0 0 49
0 0 -128
604 0 0
-107 0 0
0 298 0
0 -230 0
0 0 60
0 0 -152
505 0 0
-94 0 0
0 204 0
0 -348 0
0 0 59
0 0 -281
1356 0 0
-58 0 0
0 123 0
0 -229 0
0 0 54
0 0 -134
592 0 0
-52 0 0
0 149 0
0 -298 0
0 0 230
0 0 -135
98 0 0
-47 0 0
0 0 0
0 -73 0
0 0 69
0 0 -90
541 0 0
-56 0 0
0 247 0
0 -213 0
0 0 269
0 0 -187
561 0 0
-57 0 0
0 2059 0
0 -49 0
0 0 86
0 0 -130
540 0 0
-43 0 0
0 298 0
0 -195 0
0 0 98
0 0 -187
88 0 0
-46 0 0
0 298 0
0 -24 0
0 0 281
0 0 -315
97 0 0
-35 0 0
0 254 0
0 -24 0
0 0 247
0 0 -135
538 0 0
-41 0 0
0 347 0
0 -25 0
0 0 116
0 0 -281
575 0 0
-35 0 0
0 46 0
0 -30 0
0 0 89
0 0 -126
662 0 0
-29 0 0
0 33 0
0 -30 0
0 0 247
0 0 -264
637 0 0
-27 0 0
0 213 0
0 -31 0
0 0 247
0 0 -298
572 0 0
-29 0 0
0 125 0
0 -2048 0
0 0 73
0 0 -124
675 0 0
-104 0 0
0 213 0
0 -2047 0
0 0 88
0 0 -281
637 0 0
-196 0 0
0 350 0
0 -2050 0
0 0 90
0 0 -132
608 0 0
-99 0 0
0 315 0
0 -2044 0
0 0 113
0 0 -230
61 0 0
-26 0 0
0 348 0
0 -2133 0
0 0 213
0 0 -128
74 0 0
-43 0 0
0 254 0
0 -2133 0
0 0 230
0 0 -129
86 0 0
-45 0 0
0 348 0
0 -2044 0
0 0 247
0 0 -131
536 0 0
-38 0 0
0 348 0
0 -2050 0
0 0 128
0 0 -129
539 0 0
-100 0 0
0 159 0
0 -348 0
0 0 127
0 0 -281
669 0 0
-33 0 0
0 142 0
0 -348 0
0 0 128
0 0 -130
136 0 0
-32 0 0
0 196 0
0 -2051 0
0 0 247
0 0 -129
666 0 0
0 0 0
0 139 0
0 -298 0
0 0 281
0 0 -127
754 0 0
-102 0 0
0 137 0
0 -213 0
0 0 196
0 0 -281
585 0 0
-281 0 0
0 298 0
0 -281 0
0 0 213
0 0 -187
604 0 0
-88 0 0
0 123 0
0 -298 0
0 0 212
0 0 -127
668 0 0
-96 0 0
0 213 0
0 -143 0
0 0 131
0 0 -281
638 0 0
-79 0 0
0 120 0
0 -114 0
0 0 131
0 0 -126
872 0 0
-86 0 0
0 247 0
0 -107 0
0 0 130
0 0 -231
875 0 0
-281 0 0
0 281 0
0 -107 0
0 0 213
0 0 -187
636 0 0
-103 0 0
0 348 0
0 -298 0
0 0 196
0 0 -125
657 0 0
-102 0 0
0 213 0
0 -121 0
0 0 123
0 0 -284
622 0 0
-43 0 0
0 298 0
0 -121 0
0 0 136
0 0 -196
948 0 0
-99 0 0
0 298 0
0 -127 0
0 0 197
0 0 -281
678 0 0
-187 0 0
0 331 0
0 -281 0
0 0 264
0 0 -121
643 0 0
-104 0 0
0 336 0
0 -142 0
0 0 213
0 0 -264
694 0 0
-101 0 0
0 316 0
0 -121 0
0 0 140
0 0 -230
544 0 0
-213 0 0
0 196 0
0 -318 0
0 0 315
0 0 -118
647 0 0
-264 0 0
0 348 0
0 -281 0
0 0 187
0 0 -281
632 0 0
-213 0 0
0 348 0
0 -134 0
0 0 281
0 0 -118
698 0 0
-102 0 0
0 347 0
0 -113 0
0 0 141
0 0 -298
509 0 0
-281 0 0
0 348 0
0 -281 0
0 0 332
0 0 -113
899 0 0
-48 0 0
0 348 0
0 -340 0
0 0 247
0 0 -88
618 0 0
-70 0 0
0 348 0
0 -281 0
0 0 0
0 0 -33
573 0 0
-102 0 0
0 298 0
0 -298 0
0 0 347
0 0 -2
659 0 0
-68 0 0
0 335 0
0 -348 0
0 0 256
0 0 -3
622 0 0
-84 0 0
0 281 0
0 -281 0
0 0 348
0 0 -3
834 0 0
-82 0 0
0 247 0
0 -281 0
0 0 348
0 0 -3
2063 0 0
-85 0 0
0 348 0
0 -332 0
0 0 341
0 0 -2
626 0 0
-76 0 0
0 300 0
0 -298 0
0 0 264
0 0 -2
640 0 0
-83 0 0
0 477 0
0 -348 0
0 0 257
0 0 -3
629 0 0
-56 0 0
0 315 0
0 -298 0
0 0 348
0 0 -2
837 0 0
-68 0 0
0 247 0
0 -280 0
0 0 257
0 0 -3
677 0 0
-52 0 0
0 348 0
0 -347 0
0 0 256
0 0 -2
577 0 0
-54 0 0
0 247 0
0 -349 0
0 0 281
0 0 -2
2023 0 0
-79 0 0
0 342 0
0 -298 0
0 0 440
0 0 -2
2019 0 0
-56 0 0
0 255 0
0 -348 0
0 0 348
0 0 -2
