524.077 1.74418 54.2411
-25.9232 1.74418 54.2411
0.076842 183.744 54.2411
0.076842 -176.256 54.2411
0.076842 1.74418 312.241
0.076842 1.74418 51.2411
548.14 4.13162 75.6139
-97.8598 4.13162 75.6139
0.140214 248.132 75.6139
0.140214 -240.868 75.6139
0.140214 4.13162 333.614
0.140214 4.13162 72.6139
521.913 6.42842 103.382
-24.0867 6.42842 103.382
-0.08671 244.428 103.382
-0.08671 -170.572 103.382
-0.08671 6.42842 361.382
-0.08671 6.42842 100.382
519.548 8.80127 186.928
-27.4517 8.80127 186.928
-3.45174 253.801 186.928
-3.45174 -169.199 186.928
-3.45174 8.80127 444.928
-3.45174 8.80127 186.928
518.415 10.6003 220.199
-29.585 10.6003 220.199
-4.58495 194.6 220.199
-4.58495 -166.4 220.199
-4.58495 10.6003 479.199
-4.58495 10.6003 217.199
649.376 11.772 253.106
-30.6236 11.772 253.106
-5.62359 192.772 253.106
-5.62359 -232.228 253.106
-5.62359 11.772 511.106
-5.62359 11.772 250.106
515.17 13.3414 292.296
-31.83 13.3414 292.296
-6.83002 214.341 292.296
-6.83002 -163.659 292.296
-6.83002 13.3414 551.296
-6.83002 13.3414 289.296
517.096 15.6181 328.867
-32.9037 15.6181 328.867
-7.90367 248.618 328.867
-7.90367 -221.382 328.867
-7.90367 15.6181 586.867
-7.90367 15.6181 325.867
2014.55 20.1899 386.726
-33.4497 20.1899 386.726
-9.44965 201.19 386.726
-9.44965 -179.81 386.726
-9.44965 20.1899 644.726
-9.44965 20.1899 383.726
512.365 24.5351 434.721
-34.6352 24.5351 434.721
-10.6352 206.535 434.721
-10.6352 -220.465 434.721
-10.6352 24.5351 692.721
-10.6352 24.5351 431.721
511.163 29.5236 486.773
-110.837 29.5236 486.773
-11.8367 210.524 486.773
-11.8367 -214.476 486.773
-11.8367 29.5236 743.773
-11.8367 29.5236 483.773
512.993 34.7195 536.633
-68.0069 34.7195 536.633
-13.0069 215.72 536.633
-13.0069 -210.28 536.633
-13.0069 34.7195 794.633
-13.0069 34.7195 533.633
507.753 40.9092 594.498
-41.2471 40.9092 594.498
-14.2471 221.909 594.498
-14.2471 -195.091 594.498
-14.2471 40.9092 852.498
-14.2471 40.9092 591.498
507.127 47.0028 657.35
-39.8731 47.0028 657.35
-15.8731 228.003 657.35
-15.8731 -130.997 657.35
-15.8731 47.0028 1770.35
-15.8731 47.0028 654.35
809.594 52.2551 713.13
-115.406 52.2551 713.13
-17.4061 297.255 713.13
-17.4061 -193.745 713.13
-17.4061 52.2551 971.13
-17.4061 52.2551 710.13
504.926 73.8512 894.466
-43.0737 73.8512 894.466
-19.0737 318.851 894.466
-19.0737 73.8512 894.466
-19.0737 73.8512 1152.47
-19.0737 73.8512 890.466
516.056 82.2731 959.221
-42.9438 82.2731 959.221
-18.9439 327.273 959.221
-18.9439 -94.7269 959.221
-18.9439 82.2731 1217.22
-18.9439 82.2731 956.221
505.423 93.1199 1039.06
-41.5774 93.1199 1039.06
-17.5774 311.12 1039.06
-17.5774 -84.8801 1039.06
-17.5774 93.1199 1297.06
-17.5774 93.1199 1036.06
506.029 102.505 1110.62
-69.9706 102.505 1110.62
-16.9706 283.505 1110.62
-16.9706 -143.495 1110.62
-16.9706 102.505 1367.62
-16.9706 102.505 1107.62
500.404 108.686 1198.09
-46.5956 108.686 1198.09
-22.5956 353.686 1198.09
-22.5956 -133.314 1198.09
-22.5956 108.686 1457.09
-22.5956 108.686 1195.09
488.941 109.27 1282.05
-133.059 109.27 1282.05
-34.0594 354.27 1282.05
-34.0594 -135.73 1282.05
-34.0594 109.27 1540.05
-34.0594 109.27 1279.05
472.711 107.915 1380.74
-106.289 107.915 1380.74
-50.2887 289.915 1380.74
-50.2887 -92.0849 1380.74
-50.2887 107.915 1638.74
-50.2887 107.915 1377.74
449.737 99.8955 1474.14
-99.2631 99.8955 1474.14
-73.2631 280.895 1474.14
-73.2631 -146.105 1474.14
-73.2631 99.8955 1733.14
-73.2631 99.8955 1471.14
418.33 85.2153 1574.82
-203.67 85.2153 1574.82
-104.67 267.215 1574.82
-104.67 -160.785 1574.82
-104.67 85.2153 1832.82
-104.67 85.2153 1571.82
384.801 68.1355 1677.28
-193.199 68.1355 1677.28
-139.199 249.136 1677.28
-139.199 -176.864 1677.28
-139.199 68.1355 1936.28
-139.199 68.1355 1674.28
386.863 56.9985 1796.01
-194.137 56.9985 1796.01
-168.137 1185 1796.01
-168.137 -188.002 1796.01
-168.137 56.9985 2055.01
-168.137 56.9985 1793.01
355.811 44.7544 1913.4
-298.189 44.7544 1913.4
-199.189 225.754 1913.4
-199.189 -201.246 1913.4
-199.189 44.7544 2170.4
-199.189 44.7544 1910.4
251.496 0.686199 2237.78
-303.504 0.686199 2237.78
-303.504 182.686 2237.78
-303.504 -245.314 2237.78
-303.504 0.686199 2487.78
-303.504 0.686199 2234.78
188.25 -16.5729 2363.42
-386.75 -16.5729 2363.42
-345.75 184.427 2363.42
-345.75 -217.573 2363.42
-345.75 -16.5729 2619.42
-345.75 -16.5729 2345.42
137.106 -36.7373 2504.8
-545.894 -36.7373 2504.8
-395.894 208.263 2504.8
-395.894 -214.737 2504.8
-395.894 -36.7373 2752.8
-395.894 -36.7373 2461.8
76.5444 -54.35 2632.68
-590.456 -54.35 2632.68
-440.456 191.65 2632.68
-440.456 -229.35 2632.68
-440.456 -54.35 2814.68
-440.456 -54.35 2563.68
55.9468 -74.6442 2777.79
-660.053 -74.6442 2777.79
-492.053 127.356 2777.79
-492.053 -249.644 2777.79
-492.053 -74.6442 2949.79
-492.053 -74.6442 2661.79
1670.04 -101.88 2957.19
-2767.96 -101.88 2957.19
-561.963 143.12 2957.19
-561.963 -275.88 2957.19
-561.963 -101.88 3392.19
-561.963 -101.88 2871.19
-60.0369 -119.74 3124.84
-2751.04 -119.74 3124.84
-611.037 126.26 3124.84
-611.037 -292.74 3124.84
-611.037 -119.74 3294.84
-611.037 -119.74 3037.84
1418.14 -136.352 3322.86
-2795.86 -136.352 3322.86
-658.856 108.648 3322.86
-658.856 -309.352 3322.86
-658.856 -136.352 3523.86
-658.856 -136.352 3235.86
1322.77 -153.117 3515.4
-2842.23 -153.117 3515.4
-706.233 92.8826 3515.4
-706.233 -325.117 3515.4
-706.233 -153.117 3761.4
-706.233 -153.117 3428.4
1275.2 -169.284 3739.51
-2893.8 -169.284 3739.51
-753.803 65.7164 3739.51
-753.803 -341.284 3739.51
-753.803 -169.284 3909.51
-753.803 -169.284 3640.51
1234.59 -180.852 3955.45
-2929.41 -180.852 3955.45
-790.411 63.1485 3955.45
-790.411 -352.852 3955.45
-790.411 -180.852 4124.45
-790.411 -180.852 3867.45
1215.63 -190.608 4168.74
-868.366 -190.608 4168.74
-819.366 53.3916 4168.74
-819.366 -364.608 4168.74
-819.366 -190.608 4368.74
-819.366 -190.608 4016.74
1198.22 -196.373 4348.95
-968.777 -196.373 4348.95
-834.777 4.62729 4348.95
-834.777 -370.373 4348.95
-834.777 -196.373 4518.95
-834.777 -196.373 4260.95
1235.94 -201.186 4551.42
-887.06 -201.186 4551.42
-841.06 44.8145 4551.42
-841.06 -371.186 4551.42
-841.06 -201.186 4797.42
-841.06 -201.186 4463.42
1191.54 -204.002 4758.26
-986.458 -204.002 4758.26
-836.458 40.9979 4758.26
-836.458 -377.002 4758.26
-836.458 -204.002 4999.26
-836.458 -204.002 4668.26
-422.165 -205.514 4940.78
-1185.16 -205.514 4940.78
-828.165 -19.5139 4940.78
-828.165 -378.514 4940.78
-828.165 -205.514 5106.78
-828.165 -205.514 4824.78
1211.19 -206.046 5116.94
-968.806 -206.046 5116.94
-816.806 39.954 5116.94
-816.806 -451.046 5116.94
-816.806 -206.046 5282.94
-816.806 -206.046 5024.94
-302.453 -204.471 5306.84
-899.453 -204.471 5306.84
-794.453 41.5294 5306.84
-794.453 -379.471 5306.84
-794.453 -204.471 5471.84
-794.453 -204.471 5212.84
1252.43 -202.352 5499.73
-923.567 -202.352 5499.73
-772.567 33.6478 5499.73
-772.567 -448.352 5499.73
-772.567 -202.352 5736.73
-772.567 -202.352 5405.73
-198.937 -198.876 5704.37
-784.937 -198.876 5704.37
-745.937 20.1242 5704.37
-745.937 -495.876 5704.37
-745.937 -198.876 6000.37
-745.937 -198.876 5611.37
-115.369 -195.285 5865.31
-833.369 -195.285 5865.31
-722.369 89.7151 5865.31
-722.369 -490.285 5865.31
-722.369 -195.285 6150.31
-722.369 -195.285 5773.31
-90.472 -191.659 6034.21
-808.472 -191.659 6034.21
-701.472 103.341 6034.21
-701.472 -332.659 6034.21
-701.472 -191.659 6286.21
-701.472 -191.659 5902.21
144.734 -188.739 6182.06
-793.266 -188.739 6182.06
-686.266 106.261 6182.06
-686.266 -327.739 6182.06
-686.266 -188.739 6467.06
-686.266 -188.739 6089.06
-39.45 -183.401 6406
-744.45 -183.401 6406
-643.45 66.5991 6406
-643.45 -324.401 6406
-643.45 -183.401 6703
-643.45 -183.401 6313
-33.1104 -179.61 6561.96
-719.11 -179.61 6561.96
-613.11 116.39 6561.96
-613.11 -332.61 6561.96
-613.11 -179.61 6846.96
-613.11 -179.61 6468.96
727.092 -173.484 6786.92
-623.908 -173.484 6786.92
-579.908 121.516 6786.92
-579.908 -469.484 6786.92
-579.908 -173.484 7083.92
-579.908 -173.484 6692.92
1517.11 -164.329 7074.21
-2682.89 -164.329 7074.21
-543.89 131.671 7074.21
-543.89 -460.329 7074.21
-543.89 -164.329 8170.21
-543.89 -164.329 6979.21
222.583 -155.097 7330.82
-2651.42 -155.097 7330.82
-511.417 141.903 7330.82
-511.417 -452.097 7330.82
-511.417 -155.097 7623.82
-511.417 -155.097 7236.82
399.083 -145.126 7574.3
-2625.92 -145.126 7574.3
-489.917 150.874 7574.3
-489.917 -443.126 7574.3
-489.917 -145.126 7864.3
-489.917 -145.126 7477.3
95.699 -133.651 7835.61
-2618.3 -133.651 7835.61
-480.301 94.349 7835.61
-480.301 -429.651 7835.61
-480.301 -133.651 7990.61
-480.301 -133.651 7738.61
127.301 -121.639 8089.13
-2618.7 -121.639 8089.13
-478.699 104.361 8089.13
-478.699 -416.639 8089.13
-478.699 -121.639 8221.13
-478.699 -121.639 7978.13
418.663 -108.203 8356.63
-2622.34 -108.203 8356.63
-486.337 187.797 8356.63
-486.337 -392.203 8356.63
-486.337 -108.203 8472.63
-486.337 -108.203 8222.63
107.921 -96.1415 8594.75
-2623.08 -96.1415 8594.75
-483.079 170.859 8594.75
-483.079 -382.141 8594.75
-483.079 -96.1415 8702.75
-483.079 -96.1415 8448.75
-1.92319 -81.1364 8875.11
-2610.92 -81.1364 8875.11
-471.923 74.8636 8875.11
-471.923 -299.136 8875.11
-471.923 -81.1364 8976.11
-471.923 -81.1364 8721.11
150.412 -69.3861 9086.57
-505.588 -69.3861 9086.57
-460.588 226.614 9086.57
-460.588 -365.386 9086.57
-460.588 -69.3861 9233.57
-460.588 -69.3861 8789.57
183.279 -55.79 9328.93
-488.721 -55.79 9328.93
-444.721 295.21 9328.93
-444.721 -322.79 9328.93
-444.721 -55.79 9425.93
-444.721 -55.79 9032.93
158.894 -45.1328 9512.59
-478.106 -45.1328 9512.59
-432.106 249.867 9512.59
-432.106 -341.133 9512.59
-432.106 -45.1328 9747.59
-432.106 -45.1328 9161.59
487.279 -30.8372 9743.23
-466.721 -30.8372 9743.23
-420.721 151.163 9743.23
-420.721 -258.837 9743.23
-420.721 -30.8372 9850.23
-420.721 -30.8372 9589.23
186.046 -19.1718 9928.14
-456.954 -19.1718 9928.14
-409.954 136.828 9928.14
-409.954 -304.172 9928.14
-409.954 -19.1718 10038.1
-409.954 -19.1718 9778.14
164.962 -4.85212 10157.9
-439.038 -4.85212 10157.9
-392.038 263.148 10157.9
-392.038 -302.852 10157.9
-392.038 -4.85212 10267.9
-392.038 -4.85212 10010.9
220.129 9.53467 10384.5
-419.871 9.53467 10384.5
-372.871 166.535 10384.5
-372.871 -242.465 10384.5
-372.871 9.53467 10499.5
-372.871 9.53467 10239.5
259.913 23.2878 10612.6
-394.087 23.2878 10612.6
-346.087 179.288 10612.6
-346.087 -260.712 10612.6
-346.087 23.2878 10740.6
-346.087 23.2878 10296.6
291.863 35.9468 10825.5
-359.137 35.9468 10825.5
-316.137 319.947 10825.5
-316.137 -261.053 10825.5
-316.137 35.9468 11026.5
-316.137 35.9468 10701.5
296.475 48.0928 11041.8
-319.525 48.0928 11041.8
-277.525 261.093 11041.8
-277.525 -169.907 11041.8
-277.525 48.0928 11183.8
-277.525 48.0928 10923.8
225.847 63.4004 11297.5
-276.153 63.4004 11297.5
-234.153 246.4 11297.5
-234.153 -231.6 11297.5
-234.153 63.4004 11719.5
-234.153 63.4004 11182.5
405.708 78.1051 11517.2
-241.292 78.1051 11517.2
-204.292 374.105 11517.2
-204.292 -171.895 11517.2
-204.292 78.1051 11658.2
-204.292 78.1051 11283.2
397.208 93.5887 11735.3
-213.792 93.5887 11735.3
-178.792 309.589 11735.3
-178.792 -90.4113 11735.3
-178.792 93.5887 11876.3
-178.792 93.5887 11618.3
465.591 110.621 11973.7
-183.409 110.621 11973.7
-146.409 328.621 11973.7
-146.409 -157.379 11973.7
-146.409 110.621 12117.7
-146.409 110.621 11859.7
502.705 131.184 12252.6
-1181.3 131.184 12252.6
-109.295 427.184 12252.6
-109.295 -66.8164 12252.6
-109.295 131.184 12397.6
-109.295 131.184 12140.6
501.549 149.599 12497.7
-110.451 149.599 12497.7
-74.451 370.599 12497.7
-74.451 27.5987 12497.7
-74.451 149.599 12809.7
-74.451 149.599 12383.7
578.601 169.569 12758
-354.399 169.569 12758
-39.3987 436.569 12758
-39.3987 21.5693 12758
-39.3987 169.569 12975
-39.3987 169.569 12641
586 188.351 12997
-53.9997 188.351 12997
-7.99972 487.351 12997
-7.99972 -28.649 12997
-7.99972 188.351 13137
-7.99972 188.351 12879
638.366 206.841 13231.5
-10.6345 206.841 13231.5
30.3655 503.841 13231.5
30.3655 113.841 13231.5
30.3655 206.841 13373.5
30.3655 206.841 12936.5
646.549 226.142 13473
33.5493 226.142 13473
72.5493 523.142 13473
72.5493 137.142 13473
72.5493 226.142 13616
72.5493 226.142 13357
719.202 245.359 13707.6
74.2019 245.359 13707.6
111.202 818.359 13707.6
111.202 164.359 13707.6
111.202 245.359 13839.6
111.202 245.359 13593.6
732.419 267.394 13969.3
112.419 267.394 13969.3
149.419 533.394 13969.3
149.419 186.394 13969.3
149.419 267.394 14290.3
149.419 267.394 13856.3
763.812 294.497 14283.8
-903.188 294.497 14283.8
193.812 590.497 14283.8
193.812 216.497 14283.8
193.812 294.497 14414.8
193.812 294.497 14168.8
808.96 315.278 14520.4
187.96 315.278 14520.4
226.96 601.278 14520.4
226.96 239.278 14520.4
226.96 315.278 14652.4
226.96 315.278 14406.4
889.349 344.399 14849.4
-1937.65 344.399 14849.4
279.349 640.399 14849.4
279.349 160.399 14849.4
279.349 344.399 14989.4
279.349 344.399 14514.4
951.072 382.452 15267
-1800.93 382.452 15267
338.072 684.452 15267
338.072 217.452 15267
338.072 382.452 15412
338.072 382.452 15154
946.177 408.828 15548.5
-1761.82 408.828 15548.5
373.177 660.828 15548.5
373.177 259.828 15548.5
373.177 408.828 15798.5
373.177 408.828 15437.5
988.398 442.748 15905.2
-1720.6 442.748 15905.2
418.398 738.748 15905.2
418.398 145.748 15905.2
418.398 442.748 16053.2
418.398 442.748 15796.2
734 488.707 16379.8
-1628 488.707 16379.8
508 787.707 16379.8
508 -1562.29 16379.8
508 488.707 16530.8
508 488.707 16271.8
1210.09 539.082 16889.6
-1618.91 539.082 16889.6
613.092 640.082 16889.6
613.092 -1509.92 16889.6
613.092 539.082 17171.6
613.092 539.082 16624.6
1280.91 579.401 17290.8
673.909 579.401 17290.8
704.909 779.401 17290.8
704.909 -1468.6 17290.8
704.909 579.401 17440.8
704.909 579.401 17183.8
1347.12 613.589 17627.5
533.118 613.589 17627.5
783.118 656.589 17627.5
783.118 267.589 17627.5
783.118 613.589 17859.5
783.118 613.589 17377.5
1487.76 653.868 18010.8
698.765 653.868 18010.8
854.765 702.868 18010.8
854.765 353.868 18010.8
854.765 653.868 18309.8
854.765 653.868 17902.8
1416.96 686.51 18313.5
795.964 686.51 18313.5
901.964 739.51 18313.5
901.964 346.51 18313.5
901.964 686.51 18460.5
901.964 686.51 18047.5
1579.55 726.652 18676.2
843.547 726.652 18676.2
946.547 784.652 18676.2
946.547 378.652 18676.2
946.547 726.652 18823.2
946.547 726.652 18504.2
1100.53 760.424 18975.7
867.525 760.424 18975.7
977.525 833.424 18975.7
977.525 -1018.58 18975.7
977.525 760.424 19124.7
977.525 760.424 18867.7
1599.77 795.123 19277.6
893.768 795.123 19277.6
1001.77 1025.12 19277.6
1001.77 645.123 19277.6
1001.77 795.123 19424.6
1001.77 795.123 19167.6
1706.33 826.42 19545.5
984.331 826.42 19545.5
1018.33 964.42 19545.5
1018.33 709.42 19545.5
1018.33 826.42 19743.5
1018.33 826.42 19263.5
1738.25 888.431 20082.2
-1229.75 888.431 20082.2
1074.25 1236.43 20082.2
1074.25 808.431 20082.2
1074.25 888.431 20381.2
1074.25 888.431 19971.2
1804.5 934.228 20475.9
-1018.5 934.228 20475.9
1117.5 1282.23 20475.9
1117.5 881.228 20475.9
1117.5 934.228 20625.9
1117.5 934.228 20192.9
1815.4 977.031 20837
1113.4 977.031 20837
1146.4 1318.03 20837
1146.4 930.031 20837
1146.4 977.031 21052
1146.4 977.031 20571
1772.31 1022.74 21221.6
1150.31 1022.74 21221.6
1185.31 1321.74 21221.6
1185.31 -1352.26 21221.6
1185.31 1022.74 21370.6
1185.31 1022.74 21032.6
1922.81 1066.15 21588.1
1204.81 1066.15 21588.1
1235.81 1413.15 21588.1
1235.81 718.145 21588.1
1235.81 1066.15 21802.1
1235.81 1066.15 21481.1
2014.3 1197.77 22673.7
1362.3 1197.77 22673.7
1362.3 1545.77 22673.7
1362.3 -853.233 22673.7
1362.3 1197.77 22955.7
1362.3 1197.77 22565.7
1975.14 1251.51 23104.6
1369.14 1251.51 23104.6
1404.14 1600.51 23104.6
1404.14 -798.492 23104.6
1404.14 1251.51 23236.6
1404.14 1251.51 22994.6
2055.98 1318.34 23642
1420.98 1318.34 23642
1453.98 1651.34 23642
1453.98 -732.658 23642
1453.98 1318.34 23775
1453.98 1318.34 23454
2174.09 1377.27 24111.4
1467.09 1377.27 24111.4
1502.09 1694.27 24111.4
1502.09 -754.731 24111.4
1502.09 1377.27 24360.4
1502.09 1377.27 24004.4
2120.45 1430.44 24528.1
1518.45 1430.44 24528.1
1555.45 1636.44 24528.1
1555.45 -616.556 24528.1
1555.45 1430.44 24741.1
1555.45 1430.44 24246.1
2205.49 1495.42 25035.2
1506.49 1495.42 25035.2
1614.49 1620.42 25035.2
1614.49 -555.583 25035.2
1614.49 1495.42 25159.2
1614.49 1495.42 24929.2
2259.3 1551.2 25465.7
1633.3 1551.2 25465.7
1668.3 1651.2 25465.7
1668.3 -563.803 25465.7
1668.3 1551.2 25587.7
1668.3 1551.2 25353.7
2400.65 1623.42 26019.7
1534.65 1623.42 26019.7
1732.65 1721.42 26019.7
1732.65 -490.584 26019.7
1732.65 1623.42 26318.7
1732.65 1623.42 25737.7
2430.04 1692.92 26551
1749.04 1692.92 26551
1784.04 1771.92 26551
1784.04 -430.081 26551
1784.04 1692.92 26850
1784.04 1692.92 26285
2472.5 1761.06 27065.8
1800.5 1761.06 27065.8
1839.5 1830.06 27065.8
1839.5 -286.943 27065.8
1839.5 1761.06 27313.8
1839.5 1761.06 26950.8
2444.05 1824.12 27536.5
1858.05 1824.12 27536.5
1896.05 1892.12 27536.5
1896.05 1491.12 27536.5
1896.05 1824.12 27767.5
1896.05 1824.12 27420.5
2601.63 1888.21 28011.2
1740.63 1888.21 28011.2
1953.63 1957.21 28011.2
1953.63 1557.21 28011.2
1953.63 1888.21 28310.2
1953.63 1888.21 27745.2
2940.49 1966.15 28577.8
2002.49 1966.15 28577.8
2040.49 2036.15 28577.8
2040.49 1635.15 28577.8
2040.49 1966.15 28843.8
2040.49 1966.15 28462.8
2776.23 2017.34 28949
2056.23 2017.34 28949
2093.23 2086.34 28949
2093.23 1675.34 28949
2093.23 2017.34 29197
2093.23 2017.34 28684
2803.68 2101.78 29561.1
1972.68 2101.78 29561.1
2167.68 2169.78 29561.1
2167.68 51.7783 29561.1
2167.68 2101.78 29705.1
2167.68 2101.78 29373.1
2818.18 2190.79 30199
2211.18 2190.79 30199
2251.18 2265.79 30199
2251.18 -220.207 30199
2251.18 2190.79 30346
2251.18 2190.79 29994
2968.73 2267.26 30740.3
2115.73 2267.26 30740.3
2329.73 2341.26 30740.3
2329.73 135.26 30740.3
2329.73 2267.26 30886.3
2329.73 2267.26 30456.3
2529.71 2336.82 31230.5
2362.71 2336.82 31230.5
2397.71 2407.82 31230.5
2397.71 205.818 31230.5
2397.71 2336.82 31379.5
2397.71 2336.82 31121.5
2720.1 2432.72 31893.6
378.102 2432.72 31893.6
2516.1 2645.72 31893.6
2516.1 381.715 31893.6
2516.1 2432.72 32042.6
2516.1 2432.72 31611.6
3131.77 2520.17 32496.6
428.774 2520.17 32496.6
2615.77 2735.17 32496.6
2615.77 467.174 32496.6
2615.77 2520.17 32828.6
2615.77 2520.17 32374.6
3267.05 2611.05 33114
585.054 2611.05 33114
2722.05 2760.05 33114
2722.05 480.045 33114
2722.05 2611.05 33267
2722.05 2611.05 33008
2912.9 2687.83 33626.6
2787.9 2687.83 33626.6
2818.9 3035.83 33626.6
2818.9 636.828 33626.6
2818.9 2687.83 33891.6
2818.9 2687.83 33519.6
3453.14 2774.82 34209.6
599.144 2774.82 34209.6
2921.14 3122.82 34209.6
2921.14 641.815 34209.6
2921.14 2774.82 34541.6
2921.14 2774.82 34104.6
3117.8 2859.65 34785.2
872.799 2859.65 34785.2
3007.8 3482.65 34785.2
3007.8 518.649 34785.2
3007.8 2859.65 34907.2
3007.8 2859.65 34678.2
3194.95 2929.57 35251.4
3034.95 2929.57 35251.4
3084.95 3277.57 35251.4
3084.95 797.567 35251.4
3084.95 2929.57 35448.4
3084.95 2929.57 35116.4
3285.16 3016.34 35835.7
3128.16 3016.34 35835.7
3175.16 4298.34 35835.7
3175.16 886.342 35835.7
3175.16 3016.34 36031.7
3175.16 3016.34 35686.7
3342.98 3079.33 36274.5
3185.98 3079.33 36274.5
3233.98 3712.33 36274.5
3233.98 956.325 36274.5
3233.98 3079.33 36368.5
3233.98 3079.33 36124.5
3394.16 3142.78 36716
3245.16 3142.78 36716
3293.16 3487.78 36716
3293.16 1091.78 36716
3293.16 3142.78 36964
3293.16 3142.78 36399
3983.34 3231.52 37325.1
3280.34 3231.52 37325.1
3384.34 3579.52 37325.1
3384.34 989.524 37325.1
3384.34 3231.52 37434.1
3384.34 3231.52 37178.1
3588.77 3310.09 37844
3432.77 3310.09 37844
3480.77 3507.09 37844
3480.77 1188.09 37844
3480.77 3310.09 38109
3480.77 3310.09 37533
3662.22 3377.33 38291.1
3458.22 3377.33 38291.1
3563.22 3490.33 38291.1
3563.22 3029.33 38291.1
3563.22 3377.33 38403.1
3563.22 3377.33 38009.1
4929.08 3465.17 38852.5
3398.08 3465.17 38852.5
3680.08 3663.17 38852.5
3680.08 3116.17 38852.5
3680.08 3465.17 39134.5
3680.08 3465.17 38569.5
4412.28 3552.63 39403.5
3584.28 3552.63 39403.5
3799.28 3630.63 39403.5
3799.28 1500.63 39403.5
3799.28 3552.63 39506.5
3799.28 3552.63 39261.5
5296.89 3642.63 40000.2
3851.89 3642.63 40000.2
3911.89 3751.63 40000.2
3911.89 1422.63 40000.2
3911.89 3642.63 40088.2
3911.89 3642.63 39859.2
4693.47 3759.25 40760.7
1738.47 3759.25 40760.7
4060.47 4090.25 40760.7
4060.47 1985.25 40760.7
4060.47 3759.25 40864.7
4060.47 3759.25 40588.7
4801.03 3849.11 41376.4
2030.03 3849.11 41376.4
4167.03 4197.11 41376.4
4167.03 3501.11 41376.4
4167.03 3849.11 41480.4
4167.03 3849.11 41240.4
4893.31 3932.67 41975.3
4045.31 3932.67 41975.3
4259.31 4278.67 41975.3
4259.31 1879.67 41975.3
4259.31 3932.67 42076.3
4259.31 3932.67 41834.3
4931.99 4011.4 42525.5
4117.99 4011.4 42525.5
4348.99 4257.4 42525.5
4348.99 3663.4 42525.5
4348.99 4011.4 42630.5
4348.99 4011.4 42386.5
5116.65 4084.56 43015.4
4387.65 4084.56 43015.4
4435.65 4429.56 43015.4
4435.65 3750.56 43015.4
4435.65 4084.56 43211.4
4435.65 4084.56 42766.4
5150.94 4166.68 43583.8
4481.94 4166.68 43583.8
4529.94 4465.68 43583.8
4529.94 4088.68 43583.8
4529.94 4166.68 43708.8
4529.94 4166.68 43385.8
5183.98 4239.38 44106.4
4544.98 4239.38 44106.4
4611.98 4585.38 44106.4
4611.98 4139.38 44106.4
4611.98 4239.38 44338.4
4611.98 4239.38 43971.4
5357.59 4314.79 44693.1
4640.59 4314.79 44693.1
4692.59 4657.79 44693.1
4692.59 4189.79 44693.1
4692.59 4314.79 44924.1
4692.59 4314.79 44428.1
5465.29 4380.72 45199.2
4568.29 4380.72 45199.2
4764.29 4518.72 45199.2
4764.29 4231.72 45199.2
4764.29 4380.72 45326.2
4764.29 4380.72 45068.2
5026.51 4595.69 46626.3
4978.51 4595.69 46626.3
5026.51 4679.69 46626.3
5026.51 4247.69 46626.3
5026.51 4595.69 46755.3
5026.51 4595.69 46326.3
5828.52 4685.53 47175.3
5093.52 4685.53 47175.3
5140.52 4770.53 47175.3
5140.52 4339.53 47175.3
5140.52 4685.53 47407.3
5140.52 4685.53 46950.3
5880.12 4781.52 47764.4
5048.12 4781.52 47764.4
5262.12 4862.52 47764.4
5262.12 4434.52 47764.4
5262.12 4781.52 47893.4
5262.12 4781.52 47637.4
6997.25 4878.39 48416.4
5164.25 4878.39 48416.4
5378.25 4959.39 48416.4
5378.25 4663.39 48416.4
5378.25 4878.39 48715.4
5378.25 4878.39 48150.4
6125.54 4973.31 49120.3
5439.54 4973.31 49120.3
5486.54 5044.31 49120.3
5486.54 2216.31 49120.3
5486.54 4973.31 49253.3
5486.54 4973.31 48931.3
6236.16 5061.55 49822.9
5527.16 5061.55 49822.9
5582.16 5188.55 49822.9
5582.16 3005.55 49822.9
5582.16 5061.55 49956.9
5582.16 5061.55 49698.9
6279.36 5134.2 50406.9
5604.36 5134.2 50406.9
5659.36 5266.2 50406.9
5659.36 4835.2 50406.9
5659.36 5134.2 50545.9
5659.36 5134.2 50124.9
6339.02 5198.52 50901.1
5677.02 5198.52 50901.1
5729.02 5350.52 50901.1
5729.02 4899.52 50901.1
5729.02 5198.52 51150.1
5729.02 5198.52 50778.1
6479.89 5275.75 51473.8
5769.89 5275.75 51473.8
5814.89 5614.75 51473.8
5814.89 5035.75 51473.8
5814.89 5275.75 51702.8
5814.89 5275.75 51207.8
6520.62 5355.31 52045.9
5847.62 5355.31 52045.9
5905.62 5703.31 52045.9
5905.62 5199.31 52045.9
5905.62 5355.31 52166.9
5905.62 5355.31 51764.9
6653.6 5416.38 52503.8
5918.6 5416.38 52503.8
5973.6 5763.38 52503.8
5973.6 5100.38 52503.8
5973.6 5416.38 52752.8
5973.6 5416.38 52380.8
6974.29 5501.28 53100.6
6024.29 5501.28 53100.6
6071.29 5800.28 53100.6
6071.29 5377.28 53100.6
6071.29 5501.28 53349.6
6071.29 5501.28 52818.6
6842.15 5578.39 53628.7
6104.15 5578.39 53628.7
6161.15 5877.39 53628.7
6161.15 5364.39 53628.7
6161.15 5578.39 53747.7
6161.15 5578.39 53457.7
6902.77 5685.82 54335.5
6056.77 5685.82 54335.5
6287.77 6033.82 54335.5
6287.77 5403.82 54335.5
6287.77 5685.82 54617.5
6287.77 5685.82 54209.5
7075.33 5772.65 54891.8
6074.33 5772.65 54891.8
6390.33 6120.65 54891.8
6390.33 5661.65 54891.8
6390.33 5772.65 54980.8
6390.33 5772.65 54625.8
7906.64 5879.68 55546.6
6472.64 5879.68 55546.6
6518.64 6178.68 55546.6
6518.64 5770.68 55546.6
6518.64 5879.68 55794.6
6518.64 5879.68 55199.6
7298.56 5963.53 56096.2
6568.56 5963.53 56096.2
6615.56 6310.53 56096.2
6615.56 5854.53 56096.2
6615.56 5963.53 56293.2
6615.56 5963.53 55829.2
7359.55 6051.11 56702.2
6668.55 6051.11 56702.2
6713.55 6351.11 56702.2
6713.55 5854.11 56702.2
6713.55 6051.11 56792.2
6713.55 6051.11 56513.2
7468.2 6152 57411.6
6785.2 6152 57411.6
6825.2 6451 57411.6
6825.2 5853 57411.6
6825.2 6152 57502.6
6825.2 6152 57064.6
7606.65 6257.37 58143.8
6834.65 6257.37 58143.8
6942.65 6785.37 58143.8
6942.65 6126.37 58143.8
6942.65 6257.37 58235.8
6942.65 6257.37 57877.8
7713.71 6340.04 58743.5
6976.71 6340.04 58743.5
7031.71 6672.04 58743.5
7031.71 6215.04 58743.5
7031.71 6340.04 58838.5
7031.71 6340.04 58407.5
8732.46 6436.03 59488.4
7087.46 6436.03 59488.4
7129.46 6781.03 59488.4
7129.46 6305.03 59488.4
7129.46 6436.03 59686.4
7129.46 6436.03 59189.4
7732.14 6505.49 60031.2
7158.14 6505.49 60031.2
7200.14 6805.49 60031.2
7200.14 6273.49 60031.2
7200.14 6505.49 60128.2
7200.14 6505.49 59859.2
8857.14 6610.61 60894.9
7258.14 6610.61 60894.9
7302.14 6948.61 60894.9
7302.14 6263.61 60894.9
7302.14 6610.61 61125.9
7302.14 6610.61 60547.9
8013.47 6688.61 61535.2
7333.47 6688.61 61535.2
7377.47 6987.61 61535.2
7377.47 6463.61 61535.2
7377.47 6688.61 61629.2
7377.47 6688.61 61193.2
8043.08 6769.82 62158.6
7418.08 6769.82 62158.6
7461.08 6887.82 62158.6
7461.08 6469.82 62158.6
7461.08 6769.82 62406.6
7461.08 6769.82 61811.6
8240.24 6860.89 62837.2
7360.24 6860.89 62837.2
7557.24 6964.89 62837.2
7557.24 6514.89 62837.2
7557.24 6860.89 62930.2
7557.24 6860.89 62537.2
8990.11 6955.57 63584.7
7607.11 6955.57 63584.7
7652.11 7204.57 63584.7
7652.11 6608.57 63584.7
7652.11 6955.57 63866.7
7652.11 6955.57 63237.7
7850.33 7029.22 64179.2
7681.33 7029.22 64179.2
7724.33 7089.22 64179.2
7724.33 6440.22 64179.2
7724.33 7029.22 64272.2
7724.33 7029.22 63832.2
8375.91 7103.26 64814.7
7560.91 7103.26 64814.7
7792.91 7153.26 64814.7
7792.91 6755.26 64814.7
7792.91 7103.26 64907.7
7792.91 7103.26 64549.7
8649.85 7165.91 65341.5
7809.85 7165.91 65341.5
7852.85 7203.91 65341.5
7852.85 6848.91 65341.5
7852.85 7165.91 65434.5
7852.85 7165.91 64994.5
8020.54 7257.77 66156.4
7893.54 7257.77 66156.4
7935.54 7295.77 66156.4
7935.54 6939.77 66156.4
7935.54 7257.77 66405.4
7935.54 7257.77 65834.4
8083.52 7323.37 66728
7954.52 7323.37 66728
7997.52 7360.37 66728
7997.52 6976.37 66728
7997.52 7323.37 66822
7997.52 7323.37 66381
8167.48 7398.96 67336.2
7826.48 7398.96 67336.2
8074.48 7436.96 67336.2
8074.48 7082.96 67336.2
8074.48 7398.96 67429.2
8074.48 7398.96 67206.2
8237.25 7469.73 67904.3
8053.25 7469.73 67904.3
8147.25 7512.73 67904.3
8147.25 7163.73 67904.3
8147.25 7469.73 67997.3
8147.25 7469.73 67563.3
8364.55 7553.54 68616.3
7933.55 7553.54 68616.3
8231.55 7611.54 68616.3
8231.55 6956.54 68616.3
8231.55 7553.54 68708.3
8231.55 7553.54 68296.3
8914.61 7638.79 69333.3
8086.61 7638.79 69333.3
8318.61 7706.79 69333.3
8318.61 7354.79 69333.3
8318.61 7638.79 69427.3
8318.61 7638.79 69051.3
8970.86 7740.75 70168
8287.86 7740.75 70168
8423.86 7822.75 70168
8423.86 7392.75 70168
8423.86 7740.75 70263
8423.86 7740.75 69825
9058.05 7820.24 70802.6
8461.05 7820.24 70802.6
8507.05 7926.24 70802.6
8507.05 7480.24 70802.6
8507.05 7820.24 71068.6
8507.05 7820.24 70469.6
8747.23 7913.9 71514.3
8562.23 7913.9 71514.3
8607.23 8052.9 71514.3
8607.23 7681.9 71514.3
8607.23 7913.9 71607.3
8607.23 7913.9 71168.3
9280.34 8000.81 72186.1
8653.34 8000.81 72186.1
8701.34 8299.81 72186.1
8701.34 7717.81 72186.1
8701.34 8000.81 72450.1
8701.34 8000.81 71839.1
8964.35 8113.64 73012.4
8783.35 8113.64 73012.4
8824.35 8335.64 73012.4
8824.35 7765.64 73012.4
8824.35 8113.64 73226.4
8824.35 8113.64 72666.4
9789.21 8200.87 73681.2
8883.21 8200.87 73681.2
8920.21 8533.87 73681.2
8920.21 8003.87 73681.2
8920.21 8200.87 73778.2
8920.21 8200.87 73338.2
9659.13 8283.72 74346.5
8905.13 8283.72 74346.5
9012.13 8567.72 74346.5
9012.13 8085.72 74346.5
9012.13 8283.72 74443.5
9012.13 8283.72 73999.5
9246.26 8366.61 75004.7
8805.26 8366.61 75004.7
9104.26 8714.61 75004.7
9104.26 8018.61 75004.7
9104.26 8366.61 75100.7
9104.26 8366.61 74657.7
9832.14 8448.78 75686.4
9151.14 8448.78 75686.4
9196.14 8764.78 75686.4
9196.14 8252.78 75686.4
9196.14 8448.78 75784.4
9196.14 8448.78 75339.4
9428.58 8528.57 76365.9
9231.58 8528.57 76365.9
9285.58 8734.57 76365.9
9285.58 8180.57 76365.9
9285.58 8528.57 76596.9
9285.58 8528.57 76083.9
10003.3 8619.8 77173.7
9343.32 8619.8 77173.7
9388.32 8901.8 77173.7
9388.32 8271.8 77173.7
9388.32 8619.8 77274.7
9388.32 8619.8 76836.7
10318.5 8684.55 77839.6
9419.47 8684.55 77839.6
9463.47 8938.55 77839.6
9463.47 8337.55 77839.6
9463.47 8684.55 78036.6
9463.47 8684.55 77591.6
10160.2 8729.93 78410.8
9467.15 8729.93 78410.8
9519.15 9076.93 78410.8
9519.15 8430.93 78410.8
9519.15 8729.93 78750.8
9519.15 8729.93 78297.8
11628.6 8803.75 79229.9
9507.58 8803.75 79229.9
9606.58 9146.75 79229.9
9606.58 8455.75 79229.9
9606.58 8803.75 79576.9
9606.58 8803.75 78980.9
11918 8900.51 80152.3
9675.98 8900.51 80152.3
9715.98 9113.51 80152.3
9715.98 8559.51 80152.3
9715.98 8900.51 80403.3
9715.98 8900.51 80138.3
10425.5 8981.92 80874.1
9751.54 8981.92 80874.1
9805.54 9329.92 80874.1
9805.54 8634.92 80874.1
9805.54 8981.92 81132.1
9805.54 8981.92 80868.1
10518.1 9058.29 81517.2
9845.13 9058.29 81517.2
9888.13 9341.29 81517.2
9888.13 8758.29 81517.2
9888.13 9058.29 81864.2
9888.13 9058.29 81512.2
10667.9 9148.06 82279.3
9930.9 9148.06 82279.3
9984.9 9563.06 82279.3
9984.9 8865.06 82279.3
9984.9 9148.06 82627.3
9984.9 9148.06 82274.3
10649 9226.49 82992.7
9981.03 9226.49 82992.7
10070 9574.49 82992.7
10070 8927.49 82992.7
10070 9226.49 83291.7
10070 9226.49 82987.7
10798.1 9310.97 83775.5
10062.1 9310.97 83775.5
10161.1 9593.97 83775.5
10161.1 9011.97 83775.5
10161.1 9310.97 84122.5
10161.1 9310.97 83770.5
11049 9503.23 85655.1
10269 9503.23 85655.1
10367 9836.23 85655.1
10367 9204.23 85655.1
10367 9503.23 85655.1
10367 9503.23 85650.1
11081.7 9574.4 86432.2
10383.7 9574.4 86432.2
10443.7 9857.4 86432.2
10443.7 9291.4 86432.2
10443.7 9574.4 86690.2
10443.7 9574.4 86427.2
11405.3 9631.81 87222.5
10451.3 9631.81 87222.5
10508.3 9845.81 87222.5
10508.3 9349.81 87222.5
10508.3 9631.81 87480.5
10508.3 9631.81 87217.5
11486.7 9699.88 88092.2
10300.7 9699.88 88092.2
10582.7 10046.9 88092.2
10582.7 9383.88 88092.2
10582.7 9699.88 88655.2
10582.7 9699.88 88087.2
11265.3 9744.76 88729.6
10572.3 9744.76 88729.6
10632.3 10027.8 88729.6
10632.3 9478.76 88729.6
10632.3 9744.76 88988.6
10632.3 9744.76 88724.6
11349.8 9785.55 89354.9
10600.8 9785.55 89354.9
10677.8 10283.5 89354.9
10677.8 9449.55 89354.9
10677.8 9785.55 89702.9
10677.8 9785.55 89349.9
11344.6 9832.32 90038.1
10694.6 9832.32 90038.1
10728.6 10180.3 90038.1
10728.6 9616.32 90038.1
10728.6 9832.32 90130.1
10728.6 9832.32 90033.1
11433.4 9881.15 90681.8
10564.4 9881.15 90681.8
10779.4 10181.1 90681.8
10779.4 9565.15 90681.8
10779.4 9881.15 90997.8
10779.4 9881.15 90676.8
11534.3 9944.82 91694.1
10744.3 9944.82 91694.1
10849.3 10290.8 91694.1
10849.3 9645.82 91694.1
10849.3 9944.82 91952.1
10849.3 9944.82 91689.1
11514.2 10005.7 92610.1
10877.2 10005.7 92610.1
10914.2 10352.7 92610.1
10914.2 9722.73 92610.1
10914.2 10005.7 92848.1
10914.2 10005.7 92601.1
11856.9 10065.8 93385.8
10864.9 10065.8 93385.8
10973.9 10413.8 93385.8
10973.9 9717.82 93385.8
10973.9 10065.8 93733.8
10973.9 10065.8 93346.8
11672.2 10127.9 94121.7
10934.2 10127.9 94121.7
11033.2 10393.9 94121.7
11033.2 9827.93 94121.7
11033.2 10127.9 94469.7
11033.2 10127.9 94072.7
11980.1 10196.2 94867.8
10969.1 10196.2 94867.8
11096.1 10410.2 94867.8
11096.1 9989.18 94867.8
11096.1 10196.2 95215.8
11096.1 10196.2 94820.8
11788.6 10258.4 95525.8
11117.6 10258.4 95525.8
11152.6 10605.4 95525.8
11152.6 9910.44 95525.8
11152.6 10258.4 95780.8
11152.6 10258.4 95513.8
11854 10329.3 96279.2
11185 10329.3 96279.2
11217 10612.3 96279.2
11217 10029.3 96279.2
11217 10329.3 96627.2
11217 10329.3 96276.2
12126.5 10399.2 97042.5
11249.5 10399.2 97042.5
11281.5 10630.2 97042.5
11281.5 10099.2 97042.5
11281.5 10399.2 97299.5
11281.5 10399.2 97039.5
12075.7 10465.6 97851.8
11305.7 10465.6 97851.8
11345.7 10971.6 97851.8
11345.7 10117.6 97851.8
11345.7 10465.6 98199.8
11345.7 10465.6 97848.8
11981.7 10525.6 98635.7
11351.7 10525.6 98635.7
11405.7 10808.6 98635.7
11405.7 10225.6 98635.7
11405.7 10525.6 99077.7
11405.7 10525.6 98632.7
12095.9 10585.4 99479.8
11388.9 10585.4 99479.8
11467.9 10869.4 99479.8
11467.9 10320.4 99479.8
11467.9 10585.4 99736.8
11467.9 10585.4 99476.8
