2022-09-25
2022.13 0 103.632
-26.869 0 103.632
1.13101 2038 103.632
1.13101 -150 103.632
1.13101 0 2147.63
1.13101 0 100.632
1993.67 0.322336 214.881
-87.3304 0.322336 214.881
-5.33043 2039.32 214.881
-5.33043 -132.678 214.881
-5.33043 0.322336 2491.88
-5.33043 0.322336 214.881
408.843 0.845265 263.01
-175.157 0.845265 263.01
-8.15654 2229.85 263.01
-8.15654 -116.155 263.01
-8.15654 0.845265 2306.01
-8.15654 0.845265 95.0099
1989.37 1.57684 325.35
-36.6293 1.57684 325.35
-10.6293 2043.58 325.35
-10.6293 -88.4232 325.35
-10.6293 1.57684 2371.35
-10.6293 1.57684 157.35
2066.09 3.06013 385.811
-39.9082 3.06013 385.811
-11.9082 286.06 385.811
-11.9082 -64.9399 385.811
-11.9082 3.06013 544.811
-11.9082 3.06013 201.811
2048.42 5.7227 466.889
-2140.58 5.7227 466.889
-12.58 359.723 466.889
-12.58 -145.277 466.889
-12.58 5.7227 621.889
-12.58 5.7227 332.889
2065.03 8.83656 542.025
-2123.97 8.83656 542.025
-11.9673 298.837 542.025
-11.9673 -52.1634 542.025
-11.9673 8.83656 788.025
-11.9673 8.83656 407.025
2066.69 11.993 620.082
-2119.31 11.993 620.082
-11.311 303.993 620.082
-11.311 -48.007 620.082
-11.311 11.993 866.082
-11.311 11.993 504.082
1995.14 20.4486 831.383
-2113.86 20.4486 831.383
-5.85908 316.449 831.383
-5.85908 -35.5514 831.383
-5.85908 20.4486 831.383
-5.85908 20.4486 713.383
1997.31 24.9069 923.251
-2279.69 24.9069 923.251
-2.68708 318.907 923.251
-2.68708 -93.0931 923.251
-2.68708 24.9069 1082.25
-2.68708 24.9069 771.251
2072.64 31.7387 1038.39
-2108.36 31.7387 1038.39
1.64041 328.739 1038.39
1.64041 -101.261 1038.39
1.64041 31.7387 1284.39
1.64041 31.7387 836.392
2005.6 37.6328 1139.95
-2151.4 37.6328 1139.95
5.60218 332.633 1139.95
5.60218 -69.3672 1139.95
5.60218 37.6328 1296.95
5.60218 37.6328 1020.95
2008.4 43.229 1232.69
-2100.6 43.229 1232.69
9.3962 331.229 1232.69
9.3962 -23.771 1232.69
9.3962 43.229 1477.69
9.3962 43.229 1108.69
2009.78 49.4312 1337.83
-2124.22 49.4312 1337.83
13.7847 330.431 1337.83
13.7847 -19.5688 1337.83
13.7847 49.4312 1490.83
13.7847 49.4312 1213.83
2054.26 65.0066 1611.4
-2080.74 65.0066 1611.4
27.2589 348.007 1611.4
27.2589 -86.9934 1611.4
27.2589 65.0066 1611.4
27.2589 65.0066 1460.4
2042.25 73.1903 1760.69
-2072.75 73.1903 1760.69
37.2531 361.19 1760.69
37.2531 8.19029 1760.69
37.2531 73.1903 1916.69
37.2531 73.1903 1638.69
2044.06 82.0088 1925.96
-2141.94 82.0088 1925.96
48.0627 560.009 1925.96
48.0627 -67.9912 1925.96
48.0627 82.0088 2169.96
48.0627 82.0088 1803.96
2116.46 89.8936 2079
-2049.54 89.8936 2079
58.4587 372.894 2079
58.4587 -61.1064 2079
58.4587 89.8936 2325
58.4587 89.8936 1928
2069.7 98.1999 2242.91
-2086.3 98.1999 2242.91
69.6987 469.2 2242.91
69.6987 -52.8001 2242.91
69.6987 98.1999 2397.91
69.6987 98.1999 2108.91
2097.87 106.559 2413.05
-2031.13 106.559 2413.05
80.866 397.559 2413.05
80.866 43.5589 2413.05
80.866 106.559 2659.05
80.866 106.559 2023.05
2126.02 115.627 2600.6
-2016.98 115.627 2600.6
92.0195 405.627 2600.6
92.0195 9.62669 2600.6
92.0195 115.627 2845.6
92.0195 115.627 2478.6
2104.44 124.748 2796.74
-2003.56 124.748 2796.74
104.441 414.748 2796.74
104.441 62.7482 2796.74
104.441 124.748 3041.74
104.441 124.748 2674.74
2131.99 144.909 3245.96
-1977.01 144.909 3245.96
133.991 437.909 3245.96
133.991 10.9087 3245.96
133.991 144.909 3245.96
133.991 144.909 3124.96
2151.68 155.115 3474
-1957.32 155.115 3474
150.678 445.115 3474
150.678 92.1152 3474
150.678 155.115 3720
150.678 155.115 3307
2206.56 163.818 3667.34
-1992.44 163.818 3667.34
162.556 454.818 3667.34
162.556 46.8184 3667.34
162.556 163.818 3822.34
162.556 163.818 3466.34
2193.29 173.564 3881.13
-2143.71 173.564 3881.13
174.292 463.564 3881.13
174.292 112.564 3881.13
174.292 173.564 4034.13
174.292 173.564 3730.13
2259.87 183.387 4113.36
-1922.13 183.387 4113.36
188.875 472.387 4113.36
188.875 95.3873 4113.36
188.875 183.387 4358.36
188.875 183.387 3716.36
2201.46 192.344 4329.77
-1906.54 192.344 4329.77
202.462 483.344 4329.77
202.462 131.344 4329.77
202.462 192.344 4576.77
202.462 192.344 4204.77
2261.8 202.682 4578.47
-1891.2 202.682 4578.47
217.801 494.682 4578.47
217.801 142.682 4578.47
217.801 202.682 4824.47
217.801 202.682 4456.47
2313.86 224.753 5131.09
-1860.14 224.753 5131.09
250.858 515.753 5131.09
250.858 166.753 5131.09
250.858 224.753 5131.09
250.858 224.753 4981.09
2285.7 246.496 5730.4
-1822.3 246.496 5730.4
285.697 541.496 5730.4
285.697 187.496 5730.4
285.697 246.496 5730.4
285.697 246.496 5579.4
2313.59 255.997 5995.74
-1807.41 255.997 5995.74
303.586 547.997 5995.74
303.586 105.997 5995.74
303.586 255.997 6234.74
303.586 255.997 5861.74
2315.74 265.771 6260.23
-1789.26 265.771 6260.23
320.739 692.771 6260.23
320.739 114.771 6260.23
320.739 265.771 6496.23
320.739 265.771 6138.23
2337.02 275.63 6527.4
-1768.98 275.63 6527.4
338.022 564.63 6527.4
338.022 214.63 6527.4
338.022 275.63 6773.4
338.022 275.63 6393.4
2395.41 284.607 6806.68
-1836.59 284.607 6806.68
354.412 679.607 6806.68
354.412 168.607 6806.68
354.412 284.607 6963.68
354.412 284.607 6656.68
2366.85 293.714 7092.09
-1740.15 293.714 7092.09
370.852 589.714 7092.09
370.852 238.714 7092.09
370.852 293.714 7336.09
370.852 293.714 6957.09
2479.9 306.041 7448.17
-1728.1 306.041 7448.17
392.902 600.041 7448.17
392.902 245.041 7448.17
392.902 306.041 7605.17
392.902 306.041 7297.17
2445.33 317.969 7764.44
-1715.67 317.969 7764.44
413.334 606.969 7764.44
413.334 252.969 7764.44
413.334 317.969 8061.44
413.334 317.969 7643.44
2466.63 328.126 8031.45
-1699.37 328.126 8031.45
430.631 616.126 8031.45
430.631 265.126 8031.45
430.631 328.126 8341.45
430.631 328.126 7910.45
2511.14 338.474 8317.16
-1658.86 338.474 8317.16
449.145 855.474 8317.16
449.145 274.474 8317.16
449.145 338.474 8613.16
449.145 338.474 8196.16
2552.48 351.268 8646.24
-1909.52 351.268 8646.24
473.478 636.268 8646.24
473.478 284.268 8646.24
473.478 351.268 8942.24
473.478 351.268 8523.24
2507.91 366.661 9023.15
-1606.09 366.661 9023.15
504.915 653.661 9023.15
504.915 302.661 9023.15
504.915 366.661 9320.15
504.915 366.661 8902.15
2573.78 377.17 9288.74
-1585.22 377.17 9288.74
525.78 674.17 9288.74
525.78 315.17 9288.74
525.78 377.17 9585.74
525.78 377.17 9173.74
2546.15 389.601 9614.39
-1558.85 389.601 9614.39
549.15 685.601 9614.39
549.15 327.601 9614.39
549.15 389.601 9909.39
549.15 389.601 9493.39
2567.04 399.952 9925.23
-1560.96 399.952 9925.23
569.042 696.952 9925.23
569.042 338.952 9925.23
569.042 399.952 10125.2
569.042 399.952 9692.23
2635.31 411.272 10258.9
-1519.69 411.272 10258.9
591.315 952.272 10258.9
591.315 349.272 10258.9
591.315 411.272 10508.9
591.315 411.272 10137.9
2704.75 430.296 10616.6
-1778.25 430.296 10616.6
626.747 729.296 10616.6
626.747 370.296 10616.6
626.747 430.296 10913.6
626.747 430.296 10500.6
2797.17 452.549 10983
-1440.83 452.549 10983
668.175 749.549 10983
668.175 393.549 10983
668.175 452.549 11280
668.175 452.549 10654
2792.09 474.828 11355
-1420.91 474.828 11355
710.086 764.828 11355
710.086 412.828 11355
710.086 474.828 11649
710.086 474.828 11236
2812.23 495.102 11802.8
-1362.77 495.102 11802.8
749.227 1821.1 11802.8
749.227 348.102 11802.8
749.227 495.102 12099.8
749.227 495.102 11692.8
2910.91 511.447 12182.1
-1333.09 511.447 12182.1
780.907 807.447 12182.1
780.907 452.447 12182.1
780.907 511.447 12479.1
780.907 511.447 11866.1
2809.7 524.406 12597.9
-1342.3 524.406 12597.9
806.695 821.406 12597.9
806.695 465.406 12597.9
806.695 524.406 12894.9
806.695 524.406 12481.9
2872.61 534.876 12920.6
-1303.39 534.876 12920.6
827.612 830.876 12920.6
827.612 474.876 12920.6
827.612 534.876 13268.6
827.612 534.876 12802.6
2858.25 553.717 13324.3
-1268.75 553.717 13324.3
863.253 1131.72 13324.3
863.253 494.717 13324.3
863.253 553.717 13620.3
863.253 553.717 13205.3
2946.92 565.687 13652.8
-1221.08 565.687 13652.8
886.924 861.687 13652.8
886.924 504.687 13652.8
886.924 565.687 13905.8
886.924 565.687 13503.8
3044.78 580.169 14070.6
-1201.22 580.169 14070.6
915.778 871.169 14070.6
915.778 516.169 14070.6
915.778 580.169 14366.6
915.778 580.169 13951.6
3025.13 593.468 14447
-1169.87 593.468 14447
942.134 878.468 14447
942.134 524.468 14447
942.134 593.468 14602
942.134 593.468 14340
3036.79 608.048 14838.3
-1139.21 608.048 14838.3
970.785 889.048 14838.3
970.785 535.048 14838.3
970.785 608.048 15134.3
970.785 608.048 14718.3
2991.88 615.674 15277.4
-1195.12 615.674 15277.4
988.883 894.674 15277.4
988.883 416.674 15277.4
988.883 615.674 15573.4
988.883 615.674 15156.4
3053 624.198 15697.2
-1124 624.198 15697.2
1008 919.198 15697.2
1008 555.198 15697.2
1008 624.198 15853.2
1008 624.198 15575.2
3033.52 637.513 16149.4
-1098.48 637.513 16149.4
1034.52 929.513 16149.4
1034.52 569.513 16149.4
1034.52 637.513 16444.4
1034.52 637.513 16037.4
3053.36 649.298 16599
-1048.64 649.298 16599
1059.36 933.298 16599
1059.36 583.298 16599
1059.36 649.298 16831
1059.36 649.298 16479
3089.3 664.812 17081.2
-1016.7 664.812 17081.2
1091.3 962.812 17081.2
1091.3 598.812 17081.2
1091.3 664.812 17377.2
1091.3 664.812 16900.2
3237.48 680.943 17568.2
-987.516 680.943 17568.2
1124.48 966.943 17568.2
1124.48 613.943 17568.2
1124.48 680.943 17724.2
1124.48 680.943 17448.2
3143.58 693.499 17999.3
-966.415 693.499 17999.3
1150.58 977.499 17999.3
1150.58 626.499 17999.3
1150.58 693.499 18155.3
1150.58 693.499 17879.3
3290.33 706.726 18480.8
-952.667 706.726 18480.8
1178.33 994.726 18480.8
1178.33 643.726 18480.8
1178.33 706.726 18792.8
1178.33 706.726 18359.8
3227.29 716.931 18977.4
-931.709 716.931 18977.4
1200.29 1214.93 18977.4
1200.29 657.931 18977.4
1200.29 716.931 19132.4
1200.29 716.931 18855.4
3208.67 721.279 19436
-902.333 721.279 19436
1209.67 1014.28 19436
1209.67 538.279 19436
1209.67 721.279 19589
1209.67 721.279 19308
3351.02 726.438 19819
-889.978 726.438 19819
1222.02 1022.44 19819
1222.02 670.438 19819
1222.02 726.438 19974
1222.02 726.438 19503
3375.64 736.217 20344
-953.364 736.217 20344
1246.64 1033.22 20344
1246.64 679.217 20344
1246.64 736.217 20500
1246.64 736.217 20234
3331.4 746.458 20811.2
1243.4 746.458 20811.2
1271.4 1042.46 20811.2
1271.4 686.458 20811.2
1271.4 746.458 21108.2
1271.4 746.458 20646.2
3421.2 755.309 21235.7
974.201 755.309 21235.7
1293.2 1050.31 21235.7
1293.2 696.309 21235.7
1293.2 755.309 21532.7
1293.2 755.309 21125.7
3443.72 763.117 21676.3
980.719 763.117 21676.3
1313.72 1060.12 21676.3
1313.72 706.117 21676.3
1313.72 763.117 21830.3
1313.72 763.117 20589.3
3323.14 768.677 22112.3
1219.14 768.677 22112.3
1330.14 1061.68 22112.3
1330.14 710.677 22112.3
1330.14 768.677 22409.3
1330.14 768.677 21991.3
3343.98 772.445 22458.9
1225.98 772.445 22458.9
1341.98 1071.45 22458.9
1341.98 713.445 22458.9
1341.98 772.445 22755.9
1341.98 772.445 22337.9
3459.44 779.489 23004.9
-768.562 779.489 23004.9
1363.44 1070.49 23004.9
1363.44 716.489 23004.9
1363.44 779.489 23353.9
1363.44 779.489 22883.9
3477.04 786.073 23533.9
-746.96 786.073 23533.9
1384.04 1261.07 23533.9
1384.04 720.073 23533.9
1384.04 786.073 23829.9
1384.04 786.073 23413.9
3428.06 791.444 24029.4
-705.938 791.444 24029.4
1401.06 1088.44 24029.4
1401.06 724.444 24029.4
1401.06 791.444 24313.4
1401.06 791.444 23882.4
3526.24 796.181 24523.5
-690.76 796.181 24523.5
1416.24 1079.18 24523.5
1416.24 729.181 24523.5
1416.24 796.181 24819.5
1416.24 796.181 24412.5
3550.06 801.211 25088.2
-678.944 801.211 25088.2
1432.06 1086.21 25088.2
1432.06 735.211 25088.2
1432.06 801.211 25384.2
1432.06 801.211 24970.2
3512.87 806.094 25566.8
-661.129 806.094 25566.8
1446.87 1102.09 25566.8
1446.87 742.094 25566.8
1446.87 806.094 25862.8
1446.87 806.094 25449.8
3461.56 809.095 26093.5
-671.435 809.095 26093.5
1459.56 1107.09 26093.5
1459.56 738.095 26093.5
1459.56 809.095 26320.5
1459.56 809.095 25841.5
3484.25 817.45 26651.8
-644.754 817.45 26651.8
1486.25 1367.45 26651.8
1486.25 746.45 26651.8
1486.25 817.45 26946.8
1486.25 817.45 26532.8
3648.16 827.746 27256.5
-595.845 827.746 27256.5
1519.16 1109.75 27256.5
1519.16 761.746 27256.5
1519.16 827.746 27551.5
1519.16 827.746 27135.5
3547.33 837.246 27816.4
-556.669 837.246 27816.4
1549.33 1126.25 27816.4
1549.33 532.246 27816.4
1549.33 837.246 28112.4
1549.33 837.246 27693.4
3672.8 846.304 28325.7
-556.2 846.304 28325.7
1577.8 1142.3 28325.7
1577.8 788.304 28325.7
1577.8 846.304 28622.7
1577.8 846.304 28205.7
3672.23 853.654 28799.4
-528.775 853.654 28799.4
1602.23 1149.65 28799.4
1602.23 794.654 28799.4
1602.23 853.654 29197.4
1602.23 853.654 28681.4
3658.04 862.179 29370.9
-501.959 862.179 29370.9
1631.04 1434.18 29370.9
1631.04 803.179 29370.9
1631.04 862.179 29667.9
1631.04 862.179 29261.9
3655.81 868.634 29865.4
-453.186 868.634 29865.4
1653.81 1160.63 29865.4
1653.81 720.634 29865.4
1653.81 868.634 30160.4
1653.81 868.634 29743.4
3672.66 874.51 30488.9
-433.344 874.51 30488.9
1675.66 1220.51 30488.9
1675.66 813.51 30488.9
1675.66 874.51 30719.9
1675.66 874.51 30370.9
3759.4 880.553 31084.6
-412.599 880.553 31084.6
1698.4 1179.55 31084.6
1698.4 816.553 31084.6
1698.4 880.553 31299.6
1698.4 880.553 30895.6
3712.39 886.098 31721.3
-551.612 886.098 31721.3
1718.39 1170.1 31721.3
1718.39 670.098 31721.3
1718.39 886.098 32020.3
1718.39 886.098 31603.3
3733.42 891.555 32379.7
-368.583 891.555 32379.7
1737.42 1239.56 32379.7
1737.42 820.555 32379.7
1737.42 891.555 32594.7
1737.42 891.555 32271.7
4383.63 896.928 33026.1
-355.367 896.928 33026.1
1755.63 1673.93 33026.1
1755.63 827.928 33026.1
1755.63 896.928 33186.1
1755.63 896.928 32801.1
3819.58 902.287 33746.3
-335.419 902.287 33746.3
1773.58 1251.29 33746.3
1773.58 840.287 33746.3
1773.58 902.287 33995.3
1773.58 902.287 33628.3
3973.67 907.269 34385.8
-316.331 907.269 34385.8
1790.67 1255.27 34385.8
1790.67 846.269 34385.8
1790.67 907.269 34541.8
1790.67 907.269 34085.8
3867.46 912.601 34979.9
-301.541 912.601 34979.9
1807.46 1211.6 34979.9
1807.46 852.601 34979.9
1807.46 912.601 35175.9
1807.46 912.601 34790.9
3818.62 917.737 35644.2
-285.377 917.737 35644.2
1825.62 1264.74 35644.2
1825.62 857.737 35644.2
1825.62 917.737 35841.2
1825.62 917.737 35522.2
3836.2 922.383 36292.3
-262.798 922.383 36292.3
1843.2 1270.38 36292.3
1843.2 864.383 36292.3
1843.2 922.383 36490.3
1843.2 922.383 36172.3
4028.12 927.959 36874.3
1833.12 927.959 36874.3
1860.12 1528.96 36874.3
1860.12 870.959 36874.3
1860.12 927.959 37070.3
1860.12 927.959 36765.3
3924.18 934.779 37399.4
1847.18 934.779 37399.4
1877.18 1282.78 37399.4
1877.18 876.779 37399.4
1877.18 934.779 37681.4
1877.18 934.779 37279.4
3995.46 944.785 38127.8
-203.545 944.785 38127.8
1901.46 1243.78 38127.8
1901.46 887.785 38127.8
1901.46 944.785 38285.8
1901.46 944.785 37921.8
4000.82 953.49 38764.2
-183.184 953.49 38764.2
1922.82 1301.49 38764.2
1922.82 738.49 38764.2
1922.82 953.49 38922.2
1922.82 953.49 38647.2
3944.77 964.744 39506.1
-170.233 964.744 39506.1
1948.77 1311.74 39506.1
1948.77 903.744 39506.1
1948.77 964.744 39721.1
1948.77 964.744 39385.1
3966.48 975.468 40211.7
-133.52 975.468 40211.7
1973.48 1314.47 40211.7
1973.48 913.468 40211.7
1973.48 975.468 40557.7
1973.48 975.468 39912.7
4099.6 991.363 41070.9
-101.399 991.363 41070.9
2004.6 1279.36 41070.9
2004.6 929.363 41070.9
2004.6 991.363 41418.9
2004.6 991.363 40865.9
4205.66 1005.83 41817.2
-74.3424 1005.83 41817.2
2031.66 1305.83 41817.2
2031.66 942.833 41817.2
2031.66 1005.83 42260.2
2031.66 1005.83 41518.2
4051.53 1021.26 42563.6
-51.4709 1021.26 42563.6
2058.53 1552.26 42563.6
2058.53 789.256 42563.6
2058.53 1021.26 42863.6
2058.53 1021.26 42446.6
4079.2 1036.13 43338.1
-19.7998 1036.13 43338.1
2086.2 1383.13 43338.1
2086.2 979.127 43338.1
2086.2 1036.13 43569.1
2086.2 1036.13 43089.1
4182.16 1051.95 44090.4
7.15698 1051.95 44090.4
2113.16 1384.95 44090.4
2113.16 991.949 44090.4
2113.16 1051.95 44249.4
2113.16 1051.95 43884.4
4137.77 1068.88 44911.5
32.7678 1068.88 44911.5
2142.77 1367.88 44911.5
2142.77 1003.88 44911.5
2142.77 1068.88 45124.5
2142.77 1068.88 44722.5
4163.71 1085.71 45689.1
61.7104 1085.71 45689.1
2170.71 1433.71 45689.1
2170.71 1023.71 45689.1
2170.71 1085.71 45885.1
2170.71 1085.71 45570.1
4263.16 1102.95 46529.4
-51.8401 1102.95 46529.4
2202.16 1395.95 46529.4
2202.16 1042.95 46529.4
2202.16 1102.95 46829.4
2202.16 1102.95 46418.4
4225.41 1117.69 47251.1
99.4077 1117.69 47251.1
2229.41 1465.69 47251.1
2229.41 1055.69 47251.1
2229.41 1117.69 47473.1
2229.41 1117.69 47135.1
4257.17 1134.83 48120.1
155.17 1134.83 48120.1
2264.17 1685.83 48120.1
2264.17 1069.83 48120.1
2264.17 1134.83 48468.1
2264.17 1134.83 47854.1
3683.55 1152.48 49032.3
192.546 1152.48 49032.3
2299.55 1700.48 49032.3
2299.55 1090.48 49032.3
2299.55 1152.48 49379.3
2299.55 1152.48 48928.3
4330.12 1168.81 49891.7
227.119 1168.81 49891.7
2333.12 1517.81 49891.7
2333.12 1107.81 49891.7
2333.12 1168.81 50139.7
2333.12 1168.81 49774.7
4446.67 1184.89 50766.3
260.667 1184.89 50766.3
2369.67 1477.89 50766.3
2369.67 1127.89 50766.3
2369.67 1184.89 50980.3
2369.67 1184.89 50560.3
4476.02 1197.18 51450.1
289.02 1197.18 51450.1
2399.02 1496.18 51450.1
2399.02 1145.18 51450.1
2399.02 1197.18 51797.1
2399.02 1197.18 51218.1
4510.69 1211.36 52257
145.69 1211.36 52257
2433.69 1558.36 52257
2433.69 1158.36 52257
2433.69 1211.36 52574
2433.69 1211.36 52142
4467.43 1225.97 53101.9
364.433 1225.97 53101.9
2470.43 1572.97 53101.9
2470.43 1168.97 53101.9
2470.43 1225.97 53333.9
2470.43 1225.97 52987.9
4672.62 1240.51 53947.5
375.621 1240.51 53947.5
2506.62 1540.51 53947.5
2506.62 1177.51 53947.5
2506.62 1240.51 54162.5
2506.62 1240.51 53648.5
4703.53 1253.23 54698.7
427.533 1253.23 54698.7
2537.53 1601.23 54698.7
2537.53 1183.23 54698.7
2537.53 1253.23 55046.7
2537.53 1253.23 54594.7
4631.89 1266.58 55475.4
463.886 1266.58 55475.4
2569.89 1548.58 55475.4
2569.89 1194.58 55475.4
2569.89 1266.58 55823.4
2569.89 1266.58 55269.4
4602.85 1279.19 56279
481.852 1279.19 56279
2601.85 1627.19 56279
2601.85 1202.19 56279
2601.85 1279.19 56518
2601.85 1279.19 56167
4633.29 1293.87 57133.4
528.292 1293.87 57133.4
2637.29 1841.87 57133.4
2637.29 1209.87 57133.4
2637.29 1293.87 57470.4
2637.29 1293.87 56902.4
4059.39 1309.78 57976.1
564.39 1309.78 57976.1
2672.39 1656.78 57976.1
2672.39 1207.78 57976.1
2672.39 1309.78 58323.1
2672.39 1309.78 57676.1
4774.5 1326.04 58875.9
599.501 1326.04 58875.9
2710.5 1674.04 58875.9
2710.5 1217.04 58875.9
2710.5 1326.04 59221.9
2710.5 1326.04 58765.9
5048.27 1337.52 59523.1
2700.27 1337.52 59523.1
2738.27 1685.52 59523.1
2738.27 1239.52 59523.1
2738.27 1337.52 59771.1
2738.27 1337.52 59419.1
4858.27 1355.04 60530.3
2739.27 1355.04 60530.3
2780.27 3486.04 60530.3
2780.27 1266.04 60530.3
2780.27 1355.04 62844.3
2780.27 1355.04 60469.3
4810.73 1369.94 61467.3
2762.73 1369.94 61467.3
2817.73 3403.94 61467.3
2817.73 1136.94 61467.3
2817.73 1369.94 63246.3
2817.73 1369.94 61463.3
4952.07 1385.29 62415.7
2749.07 1385.29 62415.7
2855.07 3517.29 62415.7
2855.07 1169.29 62415.7
2855.07 1385.29 64532.7
2855.07 1385.29 62412.7
